738.0
635.0
230.0
540.0
941.0
218.0
601.0
229.0
230.0
231.0
230.0
617.0
231.0
231.0
227.0
229.0
223.0
227.0
720.0
612.0
523.0
869.0
575.0
563.0
267.0
217.0
229.0
233.0
226.0
617.0
685.0
229.0
232.0
633.0
599.0
796.0
577.0
865.0
227.0
229.0
610.0
232.0
231.0
227.0
687.0
232.0
755.0
602.0
722.0
974.0
601.0
697.0
228.0
214.0
635.0
228.0
379.0
930.0
712.0
443.0
622.0
633.0
766.0
773.0
585.0
232.0
719.0
635.0
429.0
205.0
596.0
784.0
587.0
231.0
701.0
658.0
230.0
231.0
628.0
709.0
743.0
436.0
230.0
748.0
231.0
229.0
634.0
229.0
232.0
231.0
999.0
210.0
885.0
592.0
214.0
232.0
230.0
598.0
587.0
619.0
620.0
1021.0
229.0
215.0
217.0
232.0
225.0
230.0
621.0
230.0
734.0
608.0
739.0
597.0
229.0
769.0
632.0
698.0
580.0
633.0
633.0
621.0
612.0
233.0
212.0
1148.0
568.0
632.0
211.0
228.0
586.0
443.0
443.0
443.0
231.0
602.0
552.0
227.0
229.0
229.0
228.0
230.0
743.0
619.0
231.0
1001.0
228.0
627.0
585.0
232.0
329.0
582.0
228.0
607.0
633.0
625.0
607.0
230.0
820.0
726.0
621.0
621.0
610.0
577.0
586.0
801.0
267.0
597.0
762.0
218.0
231.0
709.0
1004.0
619.0
443.0
607.0
619.0
928.0
231.0
232.0
230.0
596.0
593.0
848.0
961.0
1134.0
590.0
232.0
232.0
969.0
884.0
714.0
625.0
231.0
598.0
768.0
599.0
592.0
789.0
230.0
232.0
603.0
1044.0
1009.0
578.0
218.0
211.0
1115.0
781.0
232.0
764.0
1131.0
788.0
718.0
229.0
229.0
713.0
267.0
804.0
229.0
232.0
231.0
231.0
709.0
230.0
230.0
228.0
267.0
229.0
724.0
592.0
229.0
634.0
230.0
583.0
578.0
230.0
934.0
571.0
1315.0
802.0
494.0
229.0
692.0
231.0
229.0
571.0
231.0
694.0
1276.0
604.0
756.0
769.0
604.0
593.0
636.0
599.0
230.0
230.0
627.0
230.0
233.0
634.0
809.0
231.0
230.0
922.0
602.0
230.0
798.0
221.0
221.0
229.0
677.0
579.0
1031.0
768.0
811.0
613.0
229.0
226.0
633.0
636.0
443.0
632.0
634.0
582.0
231.0
231.0
586.0
624.0
582.0
1019.0
1024.0
633.0
957.0
225.0
1297.0
228.0
227.0
635.0
231.0
232.0
231.0
574.0
801.0
740.0
615.0
227.0
632.0
720.0
231.0
609.0
218.0
611.0
605.0
1019.0
774.0
756.0
1293.0
635.0
683.0
724.0
231.0
230.0
1119.0
656.0
231.0
228.0
232.0
229.0
788.0
594.0
231.0
673.0
767.0
592.0
1015.0
700.0
800.0
897.0
230.0
231.0
660.0
709.0
950.0
757.0
217.0
636.0
711.0
640.0
1206.0
765.0
230.0
622.0
626.0
230.0
217.0
793.0
631.0
591.0
729.0
755.0
1168.0
227.0
992.0
992.0
562.0
1005.0
842.0
685.0
613.0
228.0
232.0
634.0
605.0
651.0
231.0
1861.0
578.0
232.0
229.0
761.0
610.0
584.0
713.0
658.0
1025.0
231.0
635.0
696.0
620.0
230.0
784.0
748.0
650.0
945.0
586.0
633.0
230.0
230.0
229.0
610.0
632.0
1274.0
217.0
623.0
218.0
622.0
871.0
728.0
587.0
750.0
618.0
780.0
589.0
635.0
231.0
726.0
1197.0
858.0
232.0
999.0
232.0
764.0
934.0
600.0
919.0
219.0
231.0
717.0
229.0
636.0
583.0
776.0
774.0
924.0
1211.0
1006.0
755.0
620.0
232.0
587.0
951.0
762.0
231.0
233.0
720.0
232.0
697.0
959.0
230.0
886.0
624.0
625.0
230.0
231.0
230.0
625.0
780.0
610.0
608.0
228.0
613.0
226.0
586.0
635.0
633.0
229.0
1260.0
230.0
597.0
625.0
737.0
1006.0
984.0
692.0
232.0
618.0
603.0
726.0
231.0
229.0
613.0
773.0
229.0
764.0
231.0
703.0
651.0
230.0
982.0
230.0
705.0
605.0
1022.0
969.0
231.0
636.0
215.0
1269.0
216.0
735.0
691.0
703.0
231.0
608.0
209.0
1013.0
762.0
231.0
593.0
763.0
782.0
222.0
229.0
233.0
227.0
998.0
615.0
230.0
692.0
797.0
785.0
846.0
584.0
728.0
568.0
618.0
216.0
220.0
738.0
597.0
632.0
787.0
721.0
231.0
230.0
767.0
228.0
787.0
1032.0
619.0
232.0
961.0
219.0
589.0
581.0
695.0
222.0
591.0
230.0
1238.0
610.0
957.0
230.0
603.0
691.0
232.0
807.0
229.0
219.0
231.0
233.0
619.0
231.0
1233.0
617.0
218.0
695.0
1011.0
217.0
612.0
662.0
981.0
595.0
586.0
1302.0
218.0
615.0
232.0
663.0
1209.0
714.0
716.0
624.0
232.0
714.0
603.0
226.0
230.0
761.0
215.0
719.0
636.0
564.0
613.0
230.0
231.0
789.0
597.0
603.0
624.0
1039.0
578.0
600.0
575.0
802.0
214.0
229.0
729.0
230.0
632.0
634.0
230.0
228.0
1242.0
606.0
233.0
231.0
230.0
591.0
711.0
636.0
703.0
1264.0
229.0
696.0
674.0
231.0
787.0
790.0
603.0
633.0
228.0
567.0
605.0
228.0
803.0
231.0
950.0
935.0
229.0
699.0
593.0
741.0
703.0
215.0
231.0
601.0
783.0
779.0
915.0
1018.0
233.0
625.0
595.0
1309.0
220.0
226.0
595.0
941.0
232.0
229.0
619.0
581.0
220.0
588.0
1011.0
636.0
634.0
740.0
228.0
606.0
617.0
815.0
677.0
636.0
230.0
744.0
590.0
1020.0
623.0
230.0
634.0
963.0
623.0
634.0
772.0
224.0
230.0
587.0
230.0
764.0
1016.0
228.0
232.0
228.0
748.0
594.0
1244.0
981.0
230.0
657.0
584.0
598.0
1230.0
976.0
608.0
598.0
219.0
607.0
934.0
696.0
588.0
635.0
965.0
789.0
231.0
985.0
601.0
729.0
583.0
232.0
950.0
596.0
636.0
1029.0
608.0
229.0
1180.0
791.0
917.0
937.0
634.0
1308.0
231.0
635.0
636.0
582.0
618.0
781.0
230.0
232.0
991.0
991.0
230.0
785.0
673.0
591.0
1198.0
230.0
991.0
232.0
1858.0
620.0
231.0
232.0
233.0
230.0
230.0
784.0
749.0
584.0
726.0
745.0
981.0
789.0
633.0
769.0
230.0
955.0
1011.0
625.0
710.0
233.0
636.0
971.0
635.0
991.0
771.0
593.0
973.0
1182.0
1037.0
635.0
1010.0
1260.0
719.0
1004.0
987.0
774.0
219.0
702.0
233.0
232.0
1206.0
1014.0
213.0
1029.0
598.0
613.0
691.0
233.0
760.0
631.0
231.0
679.0
622.0
228.0
745.0
945.0
753.0
799.0
231.0
635.0
1306.0
618.0
625.0
939.0
1295.0
724.0
219.0
633.0
632.0
229.0
232.0
633.0
991.0
231.0
230.0
220.0
230.0
635.0
233.0
1279.0
222.0
1004.0
710.0
232.0
1292.0
1032.0
608.0
1246.0
725.0
1003.0
1280.0
230.0
790.0
231.0
783.0
761.0
708.0
583.0
229.0
790.0
610.0
736.0
584.0
969.0
217.0
209.0
232.0
1300.0
232.0
228.0
605.0
612.0
230.0
685.0
762.0
230.0
687.0
632.0
697.0
1309.0
1019.0
1270.0
230.0
222.0
734.0
232.0
629.0
626.0
729.0
1027.0
803.0
614.0
608.0
600.0
231.0
217.0
750.0
228.0
775.0
735.0
608.0
1016.0
768.0
633.0
633.0
1012.0
598.0
1024.0
608.0
225.0
218.0
635.0
743.0
700.0
231.0
1041.0
635.0
230.0
214.0
233.0
228.0
621.0
780.0
1034.0
736.0
635.0
232.0
228.0
602.0
806.0
1004.0
773.0
232.0
608.0
621.0
222.0
1011.0
1004.0
603.0
1264.0
956.0
993.0
805.0
636.0
1018.0
742.0
233.0
717.0
230.0
592.0
625.0
728.0
634.0
229.0
607.0
231.0
1004.0
640.0
634.0
781.0
230.0
692.0
227.0
1003.0
1018.0
755.0
233.0
696.0
606.0
588.0
222.0
1247.0
1222.0
752.0
601.0
1278.0
233.0
763.0
583.0
600.0
613.0
715.0
231.0
1014.0
577.0
226.0
696.0
615.0
636.0
760.0
1026.0
624.0
625.0
720.0
605.0
233.0
1017.0
688.0
600.0
799.0
617.0
733.0
747.0
228.0
1287.0
998.0
636.0
612.0
1031.0
1027.0
626.0
615.0
230.0
624.0
232.0
1274.0
635.0
1287.0
622.0
230.0
634.0
767.0
1001.0
231.0
222.0
1025.0
615.0
626.0
602.0
218.0
790.0
212.0
604.0
230.0
691.0
636.0
588.0
216.0
750.0
733.0
977.0
1303.0
730.0
229.0
230.0
599.0
612.0
1007.0
807.0
584.0
625.0
230.0
706.0
1024.0
230.0
1043.0
596.0
230.0
1248.0
230.0
728.0
603.0
636.0
610.0
614.0
713.0
1038.0
626.0
231.0
596.0
232.0
984.0
636.0
634.0
709.0
1033.0
788.0
719.0
221.0
228.0
232.0
1034.0
633.0
1260.0
786.0
733.0
1297.0
600.0
231.0
968.0
805.0
627.0
231.0
761.0
583.0
743.0
616.0
946.0
623.0
598.0
225.0
227.0
610.0
811.0
635.0
634.0
693.0
636.0
726.0
675.0
596.0
1248.0
607.0
1275.0
610.0
626.0
721.0
635.0
672.0
230.0
1000.0
725.0
1035.0
1303.0
634.0
787.0
214.0
594.0
1297.0
718.0
626.0
221.0
635.0
610.0
625.0
633.0
607.0
230.0
1280.0
1018.0
635.0
230.0
635.0
626.0
745.0
612.0
229.0
715.0
1039.0
635.0
1270.0
757.0
230.0
756.0
702.0
775.0
1282.0
612.0
230.0
625.0
602.0
1402.0
636.0
768.0
1297.0
634.0
230.0
746.0
625.0
735.0
631.0
601.0
627.0
627.0
636.0
232.0
229.0
1018.0
611.0
995.0
711.0
596.0
1298.0
231.0
636.0
593.0
1037.0
625.0
230.0
625.0
229.0
723.0
635.0
755.0
951.0
636.0
1023.0
717.0
1283.0
625.0
229.0
736.0
233.0
1266.0
626.0
605.0
983.0
591.0
1035.0
1024.0
585.0
635.0
1289.0
636.0
1007.0
636.0
693.0
998.0
759.0
1036.0
1345.0
600.0
719.0
806.0
749.0
625.0
1025.0
598.0
214.0
1030.0
1029.0
1001.0
220.0
731.0
1012.0
231.0
622.0
229.0
632.0
1307.0
597.0
994.0
232.0
1035.0
616.0
808.0
1004.0
594.0
737.0
587.0
729.0
1020.0
1320.0
1028.0
725.0
999.0
635.0
769.0
626.0
1292.0
779.0
712.0
747.0
230.0
601.0
625.0
582.0
1300.0
716.0
609.0
772.0
1013.0
611.0
635.0
1023.0
751.0
231.0
625.0
1297.0
751.0
929.0
737.0
598.0
217.0
791.0
1000.0
798.0
635.0
1276.0
1029.0
625.0
1285.0
605.0
624.0
899.0
636.0
1014.0
789.0
760.0
754.0
608.0
626.0
624.0
1023.0
232.0
722.0
1028.0
614.0
1287.0
989.0
1302.0
1272.0
635.0
810.0
1026.0
230.0
802.0
1001.0
230.0
229.0
810.0
1021.0
621.0
628.0
725.0
634.0
776.0
777.0
606.0
802.0
809.0
803.0
1252.0
233.0
999.0
610.0
720.0
635.0
624.0
1021.0
1297.0
789.0
737.0
1292.0
1025.0
803.0
218.0
580.0
751.0
749.0
1019.0
763.0
719.0
592.0
629.0
228.0
1020.0
722.0
605.0
232.0
591.0
1035.0
589.0
1029.0
778.0
1272.0
751.0
1024.0
783.0
1003.0
597.0
1301.0
230.0
1285.0
1291.0
622.0
708.0
623.0
219.0
609.0
1020.0
230.0
603.0
613.0
616.0
231.0
812.0
609.0
659.0
625.0
748.0
1035.0
737.0
231.0
773.0
1243.0
1029.0
1022.0
791.0
626.0
703.0
626.0
587.0
701.0
636.0
1017.0
742.0
1293.0
626.0
230.0
230.0
802.0
728.0
625.0
621.0
734.0
626.0
231.0
743.0
606.0
792.0
750.0
1290.0
1032.0
636.0
232.0
1282.0
1012.0
628.0
1293.0
636.0
230.0
625.0
606.0
716.0
1026.0
805.0
1307.0
230.0
1021.0
624.0
794.0
1026.0
732.0
617.0
585.0
605.0
626.0
1005.0
1025.0
1036.0
230.0
993.0
729.0
230.0
799.0
626.0
636.0
1286.0
231.0
635.0
1278.0
628.0
801.0
1027.0
603.0
735.0
626.0
990.0
1023.0
1031.0
627.0
1290.0
768.0
233.0
720.0
717.0
681.0
738.0
1294.0
1035.0
690.0
621.0
969.0
233.0
1312.0
626.0
1024.0
731.0
810.0
597.0
758.0
948.0
1278.0
810.0
705.0
713.0
636.0
636.0
1033.0
787.0
805.0
741.0
232.0
1188.0
667.0
623.0
1294.0
797.0
1307.0
957.0
636.0
624.0
229.0
1038.0
1011.0
636.0
805.0
614.0
634.0
629.0
611.0
233.0
772.0
811.0
673.0
737.0
790.0
707.0
1229.0
634.0
443.0
229.0
590.0
1287.0
614.0
770.0
636.0
215.0
1343.0
790.0
771.0
636.0
230.0
636.0
743.0
1013.0
220.0
773.0
859.0
692.0
748.0
636.0
1238.0
1018.0
789.0
811.0
1266.0
1028.0
806.0
775.0
768.0
731.0
731.0
989.0
612.0
591.0
636.0
636.0
627.0
634.0
593.0
1021.0
1023.0
997.0
625.0
718.0
636.0
697.0
615.0
1028.0
576.0
1041.0
626.0
636.0
604.0
636.0
734.0
995.0
231.0
636.0
756.0
230.0
232.0
984.0
230.0
623.0
1294.0
732.0
1014.0
613.0
634.0
617.0
1034.0
1042.0
589.0
230.0
770.0
626.0
624.0
626.0
920.0
627.0
230.0
791.0
1290.0
1308.0
1047.0
762.0
737.0
1019.0
230.0
627.0
1300.0
1296.0
984.0
636.0
624.0
578.0
636.0
230.0
623.0
636.0
625.0
1017.0
233.0
1025.0
633.0
1042.0
1034.0
1030.0
1300.0
627.0
605.0
581.0
621.0
443.0
892.0
610.0
580.0
228.0
443.0
593.0
443.0
593.0
231.0
231.0
1041.0
443.0
581.0
636.0
712.0
1011.0
737.0
230.0
230.0
231.0
1035.0
775.0
627.0
621.0
227.0
1012.0
608.0
1300.0
981.0
231.0
1028.0
1297.0
713.0
230.0
233.0
218.0
627.0
635.0
628.0
232.0
626.0
627.0
624.0
1077.0
228.0
1018.0
232.0
230.0
1288.0
1043.0
618.0
626.0
636.0
1303.0
626.0
1313.0
1305.0
737.0
626.0
622.0
1027.0
233.0
1312.0
1290.0
602.0
230.0
1029.0
1294.0
584.0
1030.0
1285.0
1285.0
231.0
1313.0
636.0
1306.0
1036.0
230.0
635.0
1032.0
1009.0
624.0
795.0
636.0
229.0
1012.0
716.0
1021.0
1038.0
592.0
601.0
231.0
616.0
734.0
1034.0
760.0
634.0
1406.0
1312.0
615.0
1776.0
792.0
608.0
1039.0
224.0
1039.0
1301.0
636.0
614.0
226.0
1277.0
627.0
1267.0
626.0
772.0
810.0
1007.0
636.0
785.0
626.0
1300.0
627.0
745.0
1317.0
1301.0
636.0
636.0
741.0
1026.0
1023.0
584.0
625.0
635.0
1788.0
621.0
1031.0
222.0
771.0
635.0
789.0
742.0
232.0
632.0
636.0
635.0
732.0
1017.0
624.0
928.0
805.0
625.0
599.0
626.0
636.0
611.0
683.0
625.0
1005.0
230.0
1307.0
1294.0
999.0
1295.0
772.0
627.0
1049.0
624.0
623.0
636.0
766.0
605.0
763.0
620.0
635.0
608.0
1030.0
1508.0
583.0
608.0
627.0
1290.0
729.0
636.0
811.0
1024.0
1021.0
744.0
790.0
230.0
1269.0
1396.0
1304.0
791.0
230.0
610.0
1302.0
616.0
1661.0
229.0
625.0
626.0
609.0
628.0
616.0
628.0
710.0
635.0
600.0
635.0
1040.0
598.0
627.0
230.0
232.0
1031.0
627.0
627.0
1024.0
619.0
1282.0
217.0
1032.0
219.0
1040.0
627.0
1308.0
598.0
230.0
1013.0
711.0
697.0
1387.0
1017.0
586.0
1043.0
610.0
1031.0
610.0
609.0
777.0
213.0
1030.0
731.0
592.0
589.0
1289.0
636.0
222.0
607.0
230.0
1293.0
588.0
628.0
230.0
807.0
231.0
1289.0
806.0
811.0
1317.0
1033.0
1006.0
777.0
636.0
1039.0
627.0
623.0
1031.0
1015.0
636.0
1028.0
225.0
1302.0
616.0
1008.0
1101.0
229.0
233.0
956.0
606.0
1040.0
1032.0
599.0
627.0
233.0
230.0
598.0
736.0
596.0
1268.0
788.0
772.0
233.0
636.0
756.0
635.0
720.0
1032.0
611.0
1328.0
627.0
749.0
605.0
1047.0
1026.0
603.0
1012.0
626.0
732.0
616.0
636.0
743.0
726.0
231.0
803.0
627.0
713.0
1295.0
1029.0
635.0
962.0
749.0
231.0
747.0
608.0
750.0
1292.0
1046.0
233.0
722.0
1034.0
1299.0
1020.0
811.0
1043.0
1287.0
628.0
1294.0
592.0
736.0
607.0
1015.0
1017.0
626.0
627.0
628.0
753.0
231.0
1004.0
618.0
230.0
635.0
1294.0
1048.0
231.0
1017.0
1050.0
610.0
602.0
626.0
622.0
777.0
1023.0
1030.0
230.0
1300.0
1523.0
609.0
811.0
784.0
232.0
1035.0
1015.0
1034.0
613.0
1317.0
1048.0
588.0
629.0
603.0
231.0
1036.0
604.0
626.0
1024.0
1314.0
1038.0
1018.0
1045.0
1021.0
616.0
1312.0
1285.0
803.0
1312.0
625.0
220.0
1018.0
774.0
1307.0
1044.0
1032.0
628.0
229.0
634.0
1286.0
1042.0
229.0
231.0
627.0
636.0
1036.0
1038.0
1032.0
731.0
807.0
755.0
626.0
1020.0
232.0
1286.0
223.0
599.0
635.0
1046.0
232.0
231.0
233.0
632.0
1047.0
1302.0
624.0
1043.0
1296.0
2993.0
231.0
1406.0
1034.0
617.0
605.0
1046.0
233.0
1306.0
626.0
620.0
230.0
1044.0
757.0
628.0
718.0
598.0
617.0
232.0
229.0
1306.0
606.0
610.0
1292.0
218.0
811.0
1318.0
618.0
601.0
1038.0
607.0
636.0
724.0
609.0
623.0
768.0
1410.0
1311.0
1029.0
588.0
740.0
1032.0
231.0
750.0
1045.0
1038.0
1828.0
709.0
766.0
605.0
752.0
230.0
230.0
232.0
623.0
1295.0
230.0
609.0
587.0
750.0
626.0
1045.0
624.0
230.0
1024.0
229.0
607.0
1305.0
623.0
615.0
979.0
590.0
626.0
1026.0
1030.0
607.0
626.0
1038.0
586.0
608.0
225.0
714.0
1031.0
703.0
609.0
1317.0
627.0
1883.0
1309.0
232.0
232.0
627.0
740.0
628.0
628.0
776.0
1037.0
742.0
614.0
720.0
600.0
709.0
627.0
1277.0
807.0
697.0
626.0
626.0
1407.0
1010.0
611.0
627.0
810.0
733.0
1314.0
231.0
617.0
1028.0
612.0
1311.0
627.0
607.0
1304.0
714.0
1037.0
1027.0
807.0
608.0
626.0
1304.0
1035.0
233.0
1258.0
1031.0
231.0
625.0
707.0
608.0
228.0
606.0
780.0
231.0
228.0
231.0
1038.0
765.0
627.0
1308.0
616.0
1240.0
625.0
588.0
1310.0
230.0
589.0
1041.0
1309.0
1031.0
749.0
1045.0
1024.0
606.0
636.0
629.0
632.0
232.0
1035.0
1045.0
755.0
794.0
1025.0
233.0
636.0
626.0
232.0
629.0
1021.0
230.0
636.0
610.0
625.0
623.0
747.0
233.0
624.0
619.0
624.0
629.0
586.0
708.0
1000.0
992.0
611.0
796.0
233.0
1031.0
1397.0
231.0
1029.0
1034.0
607.0
737.0
744.0
571.0
1031.0
694.0
625.0
1310.0
230.0
625.0
633.0
1377.0
805.0
1298.0
1310.0
1364.0
1040.0
796.0
1008.0
1019.0
1008.0
753.0
627.0
1049.0
802.0
622.0
1021.0
610.0
622.0
1299.0
624.0
1044.0
621.0
626.0
759.0
232.0
597.0
626.0
626.0
802.0
231.0
801.0
231.0
1033.0
623.0
772.0
719.0
1018.0
1287.0
233.0
231.0
229.0
1032.0
759.0
231.0
602.0
981.0
596.0
232.0
231.0
1311.0
755.0
805.0
625.0
231.0
1313.0
737.0
1287.0
1532.0
748.0
626.0
753.0
230.0
807.0
1028.0
220.0
1300.0
231.0
1306.0
772.0
1035.0
597.0
1047.0
1316.0
810.0
1005.0
230.0
231.0
615.0
1323.0
1016.0
1277.0
1309.0
800.0
230.0
634.0
1311.0
1039.0
610.0
736.0
1297.0
231.0
607.0
232.0
770.0
626.0
232.0
803.0
626.0
1037.0
1013.0
610.0
1313.0
939.0
626.0
626.0
1045.0
627.0
1314.0
627.0
1892.0
1286.0
1043.0
230.0
1276.0
600.0
772.0
584.0
1018.0
1320.0
1047.0
1310.0
728.0
614.0
230.0
231.0
593.0
220.0
1035.0
1311.0
1311.0
1044.0
1800.0
605.0
1290.0
216.0
230.0
1650.0
230.0
1026.0
228.0
678.0
1655.0
233.0
623.0
597.0
618.0
1007.0
636.0
1282.0
1313.0
1041.0
1049.0
1038.0
1019.0
1042.0
231.0
973.0
709.0
609.0
1026.0
3007.0
1025.0
1039.0
1047.0
636.0
808.0
596.0
230.0
233.0
1030.0
233.0
751.0
711.0
613.0
600.0
617.0
692.0
1310.0
1032.0
1314.0
621.0
232.0
232.0
731.0
636.0
749.0
1310.0
1043.0
1037.0
230.0
1298.0
1313.0
582.0
1299.0
587.0
231.0
592.0
1316.0
1045.0
231.0
1034.0
1039.0
1311.0
759.0
711.0
231.0
1309.0
2320.0
756.0
721.0
232.0
1035.0
229.0
601.0
1029.0
1024.0
1381.0
1302.0
1044.0
1128.0
1033.0
593.0
720.0
232.0
1285.0
607.0
1033.0
805.0
1043.0
1043.0
1308.0
630.0
1314.0
1046.0
1041.0
2327.0
230.0
1317.0
231.0
579.0
719.0
604.0
793.0
1041.0
760.0
1309.0
777.0
733.0
1303.0
230.0
1298.0
231.0
1029.0
1033.0
594.0
231.0
616.0
1043.0
230.0
1669.0
1044.0
809.0
233.0
1401.0
232.0
606.0
1038.0
1030.0
2327.0
1040.0
764.0
1676.0
1041.0
623.0
714.0
774.0
1407.0
775.0
1026.0
721.0
1044.0
708.0
636.0
1310.0
777.0
230.0
1031.0
1393.0
1303.0
1023.0
220.0
577.0
1028.0
756.0
233.0
804.0
1309.0
1034.0
1018.0
231.0
1321.0
1044.0
232.0
605.0
1026.0
592.0
1545.0
810.0
1307.0
1022.0
1276.0
1018.0
1022.0
992.0
716.0
749.0
1310.0
610.0
1303.0
1030.0
233.0
636.0
1868.0
1304.0
1666.0
1049.0
230.0
719.0
808.0
1026.0
1535.0
1397.0
1010.0
1299.0
1033.0
1390.0
718.0
625.0
710.0
1311.0
1304.0
230.0
1369.0
1403.0
974.0
636.0
232.0
1392.0
585.0
1044.0
1042.0
626.0
588.0
731.0
1028.0
229.0
1048.0
230.0
592.0
1047.0
1287.0
776.0
1023.0
1295.0
1299.0
725.0
628.0
806.0
1049.0
229.0
1046.0
1049.0
1011.0
1318.0
1033.0
231.0
1014.0
750.0
746.0
603.0
627.0
231.0
1012.0
1296.0
233.0
1283.0
232.0
778.0
1306.0
1887.0
1315.0
1126.0
715.0
1037.0
742.0
229.0
230.0
1313.0
232.0
1391.0
222.0
627.0
588.0
588.0
1288.0
1035.0
1033.0
594.0
1041.0
229.0
229.0
1039.0
231.0
1853.0
636.0
636.0
596.0
599.0
1310.0
636.0
1131.0
1304.0
1048.0
769.0
1028.0
1037.0
229.0
629.0
221.0
230.0
1021.0
811.0
1027.0
1287.0
749.0
1314.0
598.0
601.0
1041.0
743.0
230.0
636.0
1049.0
1021.0
626.0
616.0
595.0
229.0
1051.0
1263.0
231.0
1524.0
1305.0
596.0
605.0
1290.0
1310.0
1304.0
1028.0
1038.0
231.0
783.0
597.0
716.0
636.0
231.0
1026.0
1670.0
607.0
1044.0
1031.0
747.0
1033.0
677.0
1302.0
1037.0
1285.0
1041.0
636.0
636.0
1034.0
733.0
624.0
1848.0
812.0
1038.0
1310.0
636.0
1038.0
1223.0
635.0
1264.0
1327.0
1298.0
808.0
1048.0
228.0
720.0
231.0
598.0
1387.0
1284.0
1028.0
636.0
2998.0
1037.0
794.0
232.0
231.0
232.0
605.0
1300.0
606.0
1301.0
229.0
1034.0
805.0
596.0
231.0
995.0
1048.0
1525.0
1410.0
593.0
792.0
609.0
607.0
1289.0
232.0
702.0
1304.0
1304.0
233.0
231.0
708.0
1306.0
1656.0
625.0
1314.0
810.0
636.0
216.0
770.0
1042.0
1043.0
230.0
716.0
231.0
229.0
1311.0
635.0
231.0
230.0
616.0
788.0
1047.0
1383.0
749.0
627.0
1040.0
232.0
626.0
1399.0
233.0
1019.0
806.0
1022.0
231.0
1323.0
232.0
231.0
229.0
590.0
2298.0
1041.0
230.0
230.0
230.0
1320.0
1313.0
1036.0
757.0
233.0
611.0
747.0
1005.0
230.0
1024.0
232.0
1401.0
1304.0
1295.0
1019.0
636.0
1405.0
1299.0
230.0
1284.0
1016.0
233.0
1289.0
627.0
1040.0
1327.0
635.0
1030.0
1016.0
1324.0
230.0
628.0
754.0
626.0
1034.0
809.0
811.0
232.0
635.0
1041.0
231.0
228.0
626.0
1832.0
1040.0
991.0
1030.0
770.0
636.0
1302.0
2248.0
1307.0
722.0
1046.0
591.0
1304.0
791.0
1039.0
1285.0
1311.0
1324.0
628.0
1041.0
752.0
1033.0
230.0
1039.0
230.0
592.0
1031.0
706.0
736.0
1020.0
1308.0
2298.0
1824.0
1286.0
1865.0
1296.0
1040.0
1031.0
231.0
1651.0
763.0
1315.0
1288.0
231.0
1046.0
1296.0
626.0
1038.0
1045.0
1389.0
1319.0
712.0
1327.0
1297.0
1021.0
763.0
613.0
1316.0
1879.0
233.0
1301.0
230.0
1298.0
869.0
771.0
745.0
229.0
809.0
614.0
231.0
807.0
1311.0
1306.0
1039.0
632.0
1033.0
1522.0
231.0
1821.0
748.0
731.0
2767.0
719.0
1313.0
636.0
754.0
1310.0
1303.0
1046.0
745.0
232.0
1034.0
810.0
1299.0
1410.0
1546.0
233.0
1324.0
229.0
230.0
1331.0
1316.0
1305.0
618.0
1029.0
602.0
1286.0
1329.0
1033.0
1550.0
1297.0
1038.0
812.0
986.0
1643.0
1019.0
1289.0
711.0
1308.0
1621.0
720.0
1014.0
600.0
230.0
608.0
811.0
1329.0
807.0
711.0
1032.0
230.0
1269.0
1110.0
1220.0
592.0
1308.0
586.0
625.0
1033.0
1295.0
625.0
1022.0
1668.0
1046.0
232.0
233.0
612.0
1128.0
1036.0
230.0
1016.0
1304.0
1047.0
727.0
1301.0
606.0
1387.0
628.0
1020.0
628.0
2600.0
590.0
1034.0
1292.0
1272.0
602.0
751.0
1664.0
748.0
636.0
800.0
721.0
1004.0
232.0
625.0
1670.0
750.0
1545.0
1043.0
1314.0
1309.0
1545.0
1306.0
788.0
1263.0
736.0
787.0
738.0
1292.0
738.0
231.0
1381.0
785.0
1551.0
792.0
1303.0
2300.0
789.0
592.0
231.0
1406.0
737.0
810.0
1303.0
810.0
1409.0
1317.0
1299.0
232.0
1052.0
1048.0
1307.0
1041.0
1267.0
636.0
233.0
809.0
1312.0
1655.0
1314.0
1020.0
231.0
1317.0
627.0
230.0
747.0
1389.0
600.0
1039.0
1296.0
1046.0
1317.0
811.0
804.0
636.0
806.0
579.0
812.0
230.0
1526.0
635.0
1407.0
232.0
779.0
805.0
1311.0
1041.0
1353.0
785.0
1554.0
761.0
1035.0
808.0
230.0
1677.0
1319.0
612.0
232.0
1212.0
230.0
232.0
1028.0
716.0
231.0
811.0
232.0
811.0
1120.0
1310.0
1032.0
753.0
1290.0
810.0
801.0
1048.0
608.0
605.0
593.0
1021.0
1319.0
588.0
1040.0
1352.0
233.0
2914.0
1051.0
1043.0
232.0
1871.0
1894.0
1306.0
231.0
977.0
727.0
1883.0
807.0
789.0
1317.0
1828.0
230.0
230.0
230.0
1311.0
1384.0
627.0
1046.0
811.0
1027.0
232.0
1033.0
1326.0
231.0
1327.0
1662.0
711.0
231.0
759.0
807.0
1310.0
1319.0
1405.0
569.0
1407.0
1310.0
1864.0
2026.0
1550.0
720.0
232.0
777.0
230.0
1281.0
1263.0
230.0
1902.0
1306.0
1492.0
1283.0
1290.0
1313.0
2291.0
233.0
1030.0
233.0
1303.0
786.0
1010.0
712.0
231.0
231.0
1314.0
1322.0
229.0
230.0
803.0
232.0
1524.0
231.0
626.0
1032.0
1048.0
1010.0
1045.0
1314.0
606.0
996.0
1663.0
221.0
1304.0
634.0
1298.0
753.0
1304.0
554.0
635.0
1314.0
790.0
802.0
1039.0
603.0
233.0
725.0
230.0
1408.0
1027.0
791.0
231.0
1270.0
1397.0
635.0
1329.0
220.0
1787.0
764.0
1537.0
1317.0
1401.0
1027.0
1288.0
1306.0
1307.0
1312.0
1323.0
742.0
1324.0
1323.0
792.0
759.0
1013.0
1317.0
1048.0
811.0
711.0
1045.0
738.0
808.0
738.0
231.0
232.0
1046.0
734.0
607.0
229.0
627.0
230.0
230.0
230.0
230.0
1323.0
1311.0
1407.0
810.0
800.0
1550.0
771.0
790.0
735.0
1042.0
231.0
748.0
737.0
809.0
622.0
1325.0
1402.0
698.0
230.0
597.0
1668.0
232.0
1371.0
1320.0
1807.0
233.0
1048.0
787.0
1303.0
230.0
585.0
1312.0
230.0
1312.0
1306.0
778.0
1408.0
232.0
1042.0
230.0
1401.0
634.0
636.0
1046.0
756.0
1042.0
634.0
1039.0
628.0
728.0
1311.0
603.0
230.0
230.0
229.0
1812.0
730.0
1043.0
627.0
1307.0
618.0
1113.0
1304.0
231.0
2213.0
737.0
229.0
767.0
1037.0
1039.0
709.0
1036.0
1047.0
1028.0
603.0
1305.0
1309.0
1036.0
997.0
1811.0
1310.0
1266.0
808.0
1311.0
747.0
779.0
1044.0
635.0
625.0
230.0
1309.0
1311.0
231.0
1319.0
594.0
1820.0
1311.0
1317.0
1815.0
812.0
732.0
614.0
215.0
1313.0
635.0
771.0
808.0
811.0
1043.0
1010.0
2418.0
1229.0
1542.0
231.0
1028.0
3018.0
2959.0
753.0
1287.0
1028.0
230.0
1543.0
1524.0
1888.0
1312.0
588.0
616.0
231.0
1308.0
619.0
1310.0
1044.0
647.0
1275.0
1035.0
635.0
1428.0
1404.0
792.0
585.0
1310.0
1869.0
728.0
215.0
230.0
801.0
1037.0
1890.0
625.0
597.0
790.0
1294.0
1311.0
1819.0
233.0
230.0
766.0
1312.0
1530.0
1319.0
1880.0
1308.0
713.0
225.0
1119.0
1313.0
1023.0
591.0
1306.0
574.0
636.0
1271.0
1387.0
233.0
1033.0
232.0
1049.0
572.0
1038.0
1674.0
1325.0
232.0
808.0
1042.0
231.0
811.0
233.0
230.0
810.0
1319.0
1409.0
810.0
636.0
1315.0
722.0
1307.0
1318.0
1389.0
810.0
1027.0
1312.0
722.0
808.0
704.0
635.0
1037.0
1322.0
1038.0
1317.0
1317.0
1205.0
1400.0
729.0
1037.0
1324.0
1414.0
1048.0
629.0
1314.0
1309.0
229.0
231.0
231.0
1032.0
1047.0
636.0
1318.0
750.0
1017.0
636.0
1044.0
231.0
732.0
1316.0
1320.0
1305.0
628.0
1146.0
3011.0
1312.0
746.0
1316.0
1428.0
1320.0
1332.0
721.0
231.0
1308.0
233.0
1032.0
233.0
627.0
790.0
230.0
1317.0
1044.0
231.0
1537.0
1037.0
1039.0
1407.0
612.0
728.0
811.0
1022.0
1395.0
810.0
1306.0
1660.0
1317.0
1888.0
231.0
803.0
1006.0
1034.0
1310.0
229.0
1025.0
2210.0
231.0
1329.0
738.0
627.0
233.0
230.0
607.0
221.0
1398.0
1310.0
1312.0
229.0
1277.0
698.0
734.0
1302.0
761.0
809.0
1317.0
1407.0
1788.0
231.0
1329.0
1318.0
636.0
625.0
233.0
1025.0
733.0
636.0
1326.0
2216.0
2590.0
806.0
222.0
1397.0
734.0
1028.0
1040.0
1304.0
1318.0
1799.0
636.0
230.0
636.0
810.0
1285.0
587.0
805.0
613.0
1317.0
1037.0
600.0
804.0
1544.0
1294.0
233.0
219.0
230.0
1305.0
233.0
1889.0
1411.0
595.0
1672.0
1320.0
1828.0
3018.0
1320.0
1310.0
1394.0
1324.0
1305.0
1552.0
812.0
1395.0
2328.0
1031.0
1280.0
1678.0
1044.0
636.0
1543.0
1550.0
1552.0
231.0
732.0
733.0
1403.0
1812.0
1308.0
803.0
617.0
3013.0
736.0
1408.0
1028.0
812.0
1691.0
594.0
1531.0
1322.0
1049.0
1034.0
1870.0
1317.0
1047.0
1325.0
1309.0
1407.0
1552.0
1831.0
636.0
2320.0
1047.0
2298.0
231.0
233.0
1048.0
1317.0
1655.0
606.0
1329.0
636.0
1659.0
808.0
232.0
802.0
628.0
810.0
231.0
636.0
636.0
1675.0
1892.0
811.0
636.0
1307.0
1673.0
774.0
1036.0
811.0
1544.0
1827.0
1034.0
1317.0
1291.0
1406.0
1030.0
811.0
1328.0
1048.0
625.0
1035.0
1308.0
1331.0
875.0
231.0
1303.0
1322.0
1306.0
778.0
799.0
784.0
1049.0
1005.0
1533.0
1040.0
2993.0
1321.0
231.0
597.0
231.0
627.0
635.0
1397.0
1881.0
736.0
1308.0
706.0
1312.0
1409.0
1427.0
733.0
1428.0
772.0
231.0
812.0
1047.0
1551.0
1320.0
809.0
233.0
1672.0
1315.0
1316.0
804.0
729.0
808.0
231.0
585.0
627.0
809.0
231.0
1331.0
1550.0
1315.0
230.0
1426.0
1319.0
811.0
230.0
1319.0
1419.0
1427.0
1309.0
598.0
1836.0
1313.0
1552.0
1318.0
1405.0
2587.0
627.0
1825.0
1660.0
739.0
1294.0
1293.0
1545.0
744.0
1548.0
1830.0
617.0
1036.0
1800.0
1551.0
1324.0
719.0
1412.0
1650.0
805.0
1331.0
1310.0
603.0
1272.0
2171.0
1047.0
1318.0
230.0
1044.0
779.0
2960.0
1415.0
1407.0
1300.0
792.0
1313.0
1411.0
1038.0
627.0
1647.0
1667.0
1319.0
1049.0
1036.0
2224.0
1831.0
1493.0
2952.0
742.0
230.0
1828.0
2337.0
1327.0
1308.0
713.0
1288.0
1542.0
1428.0
742.0
1302.0
1884.0
1314.0
635.0
1314.0
1554.0
591.0
232.0
1309.0
1035.0
1409.0
1305.0
1309.0
1675.0
2984.0
2333.0
1667.0
1823.0
1022.0
1319.0
2333.0
230.0
230.0
1319.0
1423.0
1299.0
2337.0
1427.0
624.0
1405.0
721.0
1315.0
1669.0
756.0
1416.0
628.0
1034.0
231.0
595.0
1049.0
1311.0
807.0
2993.0
1672.0
1297.0
810.0
1028.0
233.0
1035.0
1529.0
712.0
1821.0
1313.0
231.0
230.0
1031.0
1119.0
232.0
231.0
233.0
627.0
233.0
1049.0
705.0
1048.0
1823.0
1318.0
768.0
753.0
1024.0
1549.0
1330.0
593.0
739.0
1040.0
2337.0
1318.0
1425.0
1550.0
1038.0
713.0
1047.0
748.0
1549.0
1551.0
737.0
231.0
591.0
1299.0
1855.0
1049.0
1389.0
1411.0
1038.0
1546.0
1050.0
1033.0
1405.0
1036.0
1313.0
774.0
233.0
1325.0
1320.0
715.0
1330.0
1314.0
1410.0
1037.0
1034.0
2283.0
3002.0
1427.0
753.0
1046.0
718.0
1041.0
1312.0
1413.0
1317.0
2993.0
733.0
804.0
1412.0
714.0
1318.0
1409.0
727.0
1320.0
1319.0
810.0
1044.0
1314.0
1314.0
1295.0
781.0
1307.0
1661.0
1395.0
230.0
1324.0
1397.0
737.0
1320.0
1547.0
1037.0
718.0
1313.0
231.0
1303.0
1407.0
1678.0
587.0
613.0
1410.0
751.0
1038.0
1410.0
1042.0
1690.0
809.0
1298.0
231.0
709.0
1285.0
2316.0
757.0
1424.0
1425.0
1273.0
232.0
1420.0
1421.0
1409.0
626.0
1317.0
764.0
747.0
1323.0
1286.0
1323.0
1036.0
1402.0
1043.0
1314.0
609.0
1411.0
1328.0
231.0
1411.0
1316.0
1549.0
1493.0
730.0
3007.0
1655.0
609.0
1326.0
2986.0
1315.0
1398.0
1035.0
228.0
1034.0
1409.0
1301.0
1319.0
231.0
1407.0
1037.0
626.0
804.0
1425.0
231.0
230.0
1315.0
1301.0
712.0
1890.0
711.0
602.0
1035.0
1425.0
1284.0
1389.0
1051.0
1669.0
1044.0
749.0
1301.0
1051.0
1326.0
1035.0
1531.0
1310.0
628.0
2298.0
588.0
1322.0
231.0
1407.0
724.0
231.0
1308.0
1251.0
1314.0
1406.0
1545.0
1045.0
1425.0
625.0
1324.0
1331.0
1314.0
1315.0
1313.0
1407.0
1550.0
2595.0
1411.0
1409.0
232.0
726.0
1308.0
1385.0
1317.0
585.0
1406.0
710.0
626.0
1548.0
791.0
804.0
1316.0
1406.0
1316.0
636.0
601.0
634.0
232.0
1668.0
1046.0
1409.0
1044.0
1404.0
1407.0
1319.0
1038.0
1411.0
1546.0
1316.0
2594.0
1331.0
1318.0
231.0
231.0
1398.0
1318.0
1553.0
723.0
603.0
711.0
1299.0
2337.0
1547.0
1403.0
1154.0
1044.0
1323.0
1406.0
803.0
1549.0
803.0
3013.0
1547.0
764.0
1029.0
626.0
743.0
1036.0
1038.0
231.0
1329.0
1551.0
587.0
1410.0
721.0
1038.0
759.0
1893.0
597.0
1399.0
1322.0
1313.0
1316.0
1043.0
586.0
746.0
230.0
1408.0
230.0
1411.0
231.0
1046.0
1312.0
1893.0
1042.0
230.0
1551.0
1327.0
1315.0
233.0
595.0
231.0
615.0
230.0
766.0
231.0
230.0
1041.0
1553.0
1409.0
1329.0
1540.0
1823.0
1419.0
1893.0
1402.0
1411.0
1549.0
1408.0
588.0
230.0
599.0
1535.0
1320.0
2335.0
1051.0
724.0
1669.0
1323.0
1408.0
1888.0
1326.0
1316.0
1310.0
1315.0
1546.0
1322.0
750.0
1409.0
1033.0
1036.0
1320.0
1039.0
1052.0
711.0
1675.0
1397.0
1318.0
1419.0
231.0
1032.0
230.0
1550.0
1888.0
1410.0
720.0
1820.0
1411.0
230.0
1322.0
230.0
2335.0
776.0
1310.0
791.0
231.0
1049.0
1410.0
1035.0
232.0
608.0
231.0
1049.0
1033.0
1409.0
713.0
714.0
1403.0
1316.0
738.0
1397.0
1425.0
766.0
1322.0
606.0
1311.0
230.0
1327.0
1316.0
1316.0
628.0
1032.0
1889.0
770.0
1032.0
1318.0
1046.0
636.0
636.0
1411.0
1319.0
1823.0
1427.0
2318.0
610.0
1328.0
1039.0
1417.0
627.0
1315.0
1890.0
1410.0
1671.0
636.0
1035.0
1312.0
721.0
1410.0
1044.0
1661.0
1408.0
231.0
1421.0
636.0
635.0
1040.0
1828.0
2323.0
1306.0
1315.0
1047.0
1427.0
2960.0
781.0
1830.0
738.0
1400.0
1376.0
1311.0
232.0
1399.0
1040.0
1410.0
1297.0
1675.0
609.0
1038.0
1311.0
2327.0
231.0
1318.0
1676.0
1684.0
628.0
1326.0
1890.0
230.0
1409.0
231.0
1868.0
1669.0
773.0
2594.0
1552.0
724.0
1674.0
231.0
709.0
1319.0
1324.0
2231.0
231.0
714.0
762.0
1886.0
1673.0
1026.0
2606.0
713.0
629.0
609.0
1387.0
755.0
1421.0
1552.0
1891.0
629.0
761.0
1315.0
1038.0
1037.0
1664.0
812.0
757.0
1317.0
1831.0
1814.0
2340.0
1552.0
1299.0
1046.0
231.0
634.0
1313.0
1659.0
713.0
1825.0
1550.0
1828.0
1541.0
231.0
1892.0
1673.0
2215.0
1021.0
1680.0
1907.0
1039.0
1554.0
602.0
1894.0
1307.0
1409.0
1673.0
754.0
1678.0
231.0
1668.0
1550.0
1671.0
811.0
1315.0
1551.0
1542.0
629.0
1050.0
1829.0
1833.0
712.0
634.0
1886.0
1675.0
1042.0
1399.0
627.0
1674.0
1545.0
635.0
1885.0
1532.0
2306.0
1317.0
1891.0
629.0
1410.0
3013.0
1424.0
812.0
1550.0
1040.0
812.0
612.0
1549.0
1904.0
230.0
597.0
810.0
713.0
723.0
587.0
750.0
626.0
1411.0
1661.0
1409.0
1310.0
1552.0
1402.0
1023.0
1319.0
1819.0
625.0
1551.0
1832.0
1299.0
1551.0
1035.0
712.0
1541.0
786.0
230.0
1309.0
1672.0
1680.0
1317.0
1310.0
1036.0
2196.0
1312.0
1655.0
627.0
1408.0
1309.0
1411.0
1540.0
1672.0
725.0
636.0
1660.0
636.0
770.0
1407.0
636.0
636.0
1310.0
712.0
1681.0
1693.0
810.0
2312.0
1818.0
1317.0
2608.0
1037.0
1307.0
1671.0
1424.0
1424.0
2331.0
1045.0
595.0
1318.0
729.0
232.0
1033.0
1828.0
1316.0
810.0
1303.0
1319.0
1315.0
1039.0
763.0
719.0
1035.0
1885.0
1886.0
1692.0
1315.0
1824.0
1887.0
592.0
1540.0
1539.0
715.0
1315.0
1892.0
2331.0
1047.0
1036.0
1547.0
3008.0
1409.0
1890.0
1030.0
230.0
611.0
1323.0
1311.0
1551.0
1660.0
1672.0
1034.0
1542.0
1888.0
719.0
1534.0
1048.0
1551.0
1038.0
805.0
1317.0
600.0
1543.0
1549.0
1408.0
1678.0
1669.0
1665.0
1551.0
1325.0
1046.0
714.0
1423.0
1017.0
1328.0
2422.0
614.0
1425.0
587.0
1881.0
1891.0
1034.0
1030.0
1319.0
2324.0
1030.0
1884.0
1025.0
2334.0
1034.0
712.0
2330.0
1033.0
1888.0
1671.0
1329.0
1529.0
717.0
1551.0
1908.0
2337.0
1312.0
2585.0
1827.0
1036.0
1549.0
1316.0
1890.0
2298.0
1889.0
1888.0
233.0
1313.0
3008.0
1408.0
1674.0
230.0
590.0
1321.0
231.0
1888.0
2249.0
2603.0
1034.0
734.0
2598.0
1427.0
1322.0
1553.0
714.0
1662.0
1553.0
232.0
1038.0
1042.0
1325.0
1406.0
230.0
716.0
1550.0
2339.0
811.0
1409.0
1035.0
1549.0
1907.0
1315.0
1543.0
1552.0
1034.0
1551.0
1317.0
1314.0
1830.0
1039.0
1666.0
1675.0
1420.0
627.0
1411.0
1318.0
730.0
1890.0
1553.0
1672.0
1657.0
1033.0
1889.0
1411.0
1660.0
1328.0
735.0
624.0
1828.0
1840.0
231.0
1692.0
1404.0
1830.0
1320.0
1051.0
1668.0
1312.0
1820.0
1329.0
2333.0
1672.0
1894.0
3017.0
1547.0
794.0
1328.0
1323.0
1035.0
1317.0
3012.0
1314.0
1889.0
1050.0
1546.0
609.0
1033.0
230.0
1675.0
1552.0
1823.0
1693.0
2334.0
1887.0
1891.0
628.0
1824.0
1034.0
1426.0
1039.0
1318.0
1318.0
1689.0
1314.0
2335.0
1544.0
1678.0
230.0
1423.0
1675.0
1897.0
1673.0
1548.0
230.0
1822.0
1318.0
1895.0
923.0
2598.0
1318.0
1817.0
1676.0
1314.0
233.0
629.0
1669.0
1046.0
1039.0
1829.0
1551.0
1037.0
231.0
1311.0
759.0
2333.0
233.0
1553.0
2182.0
758.0
1830.0
1665.0
1305.0
1887.0
2335.0
1541.0
1426.0
1322.0
1675.0
1674.0
2334.0
612.0
2324.0
1039.0
2596.0
599.0
1408.0
1552.0
1691.0
1670.0
1050.0
1548.0
1672.0
1034.0
1886.0
1552.0
1654.0
2188.0
1690.0
1327.0
2328.0
2587.0
1546.0
1321.0
232.0
1426.0
1676.0
1052.0
1830.0
1828.0
1026.0
3018.0
1367.0
231.0
1553.0
1550.0
1892.0
1672.0
231.0
233.0
1325.0
232.0
745.0
231.0
1552.0
1409.0
712.0
1819.0
1843.0
1664.0
2337.0
1319.0
1892.0
1310.0
1553.0
1318.0
1825.0
232.0
1892.0
2331.0
1891.0
1313.0
718.0
587.0
1299.0
1694.0
1410.0
231.0
2332.0
707.0
1405.0
1892.0
1675.0
1531.0
1043.0
1035.0
1324.0
719.0
1332.0
232.0
1891.0
2344.0
2327.0
1551.0
1314.0
748.0
1891.0
1690.0
1037.0
1889.0
1322.0
1552.0
1889.0
231.0
1891.0
1892.0
232.0
1894.0
1892.0
1027.0
2603.0
2333.0
230.0
1845.0
1845.0
2295.0
1829.0
607.0
231.0
1323.0
231.0
712.0
2586.0
1298.0
1552.0
1886.0
1827.0
2602.0
1043.0
590.0
1692.0
1666.0
1543.0
1665.0
1319.0
1327.0
810.0
1407.0
629.0
1893.0
2325.0
1887.0
1037.0
1043.0
1422.0
1674.0
711.0
1553.0
1311.0
1312.0
1410.0
1889.0
757.0
2320.0
1427.0
1829.0
1893.0
1032.0
1829.0
1046.0
627.0
1551.0
1834.0
1672.0
2327.0
590.0
1892.0
1318.0
1676.0
1831.0
1892.0
1324.0
231.0
2997.0
1827.0
1676.0
1034.0
230.0
1404.0
1552.0
1304.0
2603.0
1410.0
2588.0
1050.0
1046.0
611.0
1827.0
1554.0
1402.0
1674.0
1886.0
2605.0
1037.0
230.0
776.0
1040.0
1410.0
2314.0
2339.0
580.0
1824.0
1318.0
1666.0
230.0
1035.0
736.0
1550.0
1892.0
1303.0
1410.0
757.0
1822.0
1553.0
1889.0
717.0
1408.0
1893.0
1891.0
1676.0
599.0
231.0
1319.0
230.0
1879.0
2333.0
1312.0
1322.0
591.0
1660.0
634.0
1044.0
1677.0
1832.0
2331.0
1401.0
1323.0
1411.0
1320.0
1552.0
2590.0
1670.0
1678.0
1843.0
2320.0
1665.0
1025.0
717.0
592.0
1426.0
1889.0
1676.0
1050.0
1804.0
1329.0
1890.0
230.0
1309.0
1319.0
2602.0
1036.0
1423.0
2324.0
1893.0
1892.0
3024.0
1888.0
605.0
1675.0
772.0
1052.0
1034.0
1892.0
1412.0
2338.0
1891.0
1885.0
1044.0
627.0
1410.0
1688.0
1040.0
766.0
1403.0
594.0
232.0
626.0
231.0
1312.0
1551.0
1888.0
1653.0
1664.0
2596.0
1333.0
578.0
1670.0
1890.0
1047.0
711.0
1893.0
609.0
1893.0
1890.0
1880.0
1324.0
1046.0
1405.0
1662.0
1833.0
711.0
1331.0
1045.0
1105.0
1303.0
1048.0
1893.0
1317.0
1050.0
1674.0
1661.0
607.0
2332.0
1303.0
1826.0
3019.0
1328.0
218.0
1891.0
1032.0
1553.0
230.0
767.0
593.0
1411.0
1332.0
1676.0
710.0
1303.0
231.0
1046.0
2334.0
1411.0
230.0
3025.0
1545.0
3002.0
1675.0
1328.0
1426.0
736.0
1677.0
771.0
1031.0
1321.0
1689.0
3012.0
232.0
1674.0
1408.0
711.0
1046.0
1887.0
710.0
1050.0
595.0
1407.0
1050.0
1411.0
1049.0
1549.0
736.0
3005.0
610.0
1893.0
2312.0
1402.0
1044.0
1411.0
3004.0
2336.0
232.0
1317.0
1410.0
2599.0
1037.0
1878.0
1892.0
710.0
589.0
1322.0
1676.0
1411.0
1408.0
1049.0
2334.0
1675.0
1407.0
1889.0
1893.0
1049.0
760.0
1402.0
1410.0
1044.0
1682.0
1676.0
747.0
2991.0
1829.0
1410.0
1038.0
812.0
1403.0
1045.0
1828.0
1404.0
736.0
1039.0
1408.0
1676.0
2331.0
595.0
1315.0
1318.0
1321.0
2591.0
1412.0
1034.0
2329.0
1035.0
1426.0
1305.0
1894.0
1551.0
2341.0
2323.0
1839.0
1410.0
713.0
1031.0
1317.0
711.0
1910.0
1426.0
231.0
1887.0
2340.0
1846.0
1893.0
1033.0
1666.0
1540.0
221.0
710.0
1665.0
721.0
1040.0
1671.0
1547.0
1413.0
611.0
1549.0
2599.0
1830.0
1410.0
1327.0
2328.0
1408.0
1544.0
1043.0
1536.0
1049.0
1676.0
1408.0
627.0
1315.0
1675.0
1553.0
232.0
1411.0
1666.0
2313.0
1043.0
2335.0
1661.0
748.0
1038.0
1318.0
1664.0
1544.0
1041.0
3003.0
583.0
1036.0
2585.0
1426.0
1663.0
1314.0
2333.0
1547.0
2324.0
1891.0
1409.0
626.0
3008.0
1823.0
1553.0
1666.0
1821.0
1541.0
2326.0
1663.0
1893.0
1050.0
1425.0
1552.0
723.0
612.0
2337.0
1691.0
1315.0
1553.0
1329.0
1312.0
1410.0
1650.0
1551.0
791.0
1311.0
1406.0
1673.0
1038.0
2592.0
1539.0
2997.0
2442.0
1328.0
2602.0
2338.0
1039.0
2341.0
782.0
1550.0
1039.0
1551.0
1038.0
1037.0
812.0
1541.0
1890.0
589.0
3012.0
1892.0
1831.0
1549.0
1549.0
230.0
1039.0
1676.0
1317.0
1550.0
1826.0
1661.0
1318.0
1552.0
2596.0
231.0
1049.0
1408.0
230.0
1037.0
2358.0
1052.0
2328.0
1886.0
1040.0
1309.0
1407.0
1540.0
1318.0
749.0
1552.0
1050.0
1550.0
1313.0
2325.0
701.0
1328.0
1551.0
1324.0
588.0
803.0
2336.0
232.0
1676.0
1549.0
1036.0
2990.0
1313.0
1541.0
1030.0
1832.0
612.0
231.0
1408.0
2081.0
1892.0
1047.0
579.0
1894.0
1320.0
2977.0
1318.0
2337.0
1673.0
3005.0
1319.0
1818.0
1554.0
1317.0
1893.0
2319.0
1032.0
2336.0
1037.0
1892.0
3009.0
763.0
2339.0
2607.0
1894.0
1325.0
1548.0
2256.0
1832.0
2332.0
2340.0
230.0
1327.0
1316.0
1036.0
1309.0
1658.0
2314.0
1892.0
1041.0
1306.0
611.0
768.0
710.0
1411.0
1893.0
1401.0
2978.0
1329.0
1553.0
1888.0
2337.0
1896.0
1317.0
1832.0
1315.0
1331.0
1424.0
1659.0
744.0
1316.0
1307.0
717.0
1550.0
1046.0
2297.0
1668.0
1317.0
1671.0
1413.0
1885.0
2283.0
1552.0
2242.0
1312.0
1894.0
803.0
2330.0
1318.0
2305.0
1036.0
1317.0
1546.0
1033.0
1050.0
1677.0
3016.0
1039.0
1426.0
3022.0
1318.0
1040.0
231.0
2968.0
599.0
3018.0
1426.0
1318.0
3000.0
2620.0
1547.0
1319.0
1311.0
2333.0
3021.0
1041.0
711.0
2328.0
1320.0
2590.0
1409.0
1656.0
1550.0
2626.0
1849.0
707.0
2325.0
1551.0
1547.0
1553.0
1540.0
1549.0
1544.0
1673.0
636.0
3001.0
1537.0
1406.0
1324.0
1406.0
1890.0
2199.0
1413.0
233.0
2285.0
230.0
231.0
583.0
1038.0
1551.0
231.0
760.0
1316.0
1658.0
2991.0
230.0
1123.0
1049.0
608.0
1553.0
2335.0
1554.0
2337.0
1319.0
231.0
1551.0
230.0
1673.0
230.0
1652.0
1309.0
1408.0
1313.0
1550.0
231.0
1540.0
1874.0
231.0
2293.0
1041.0
230.0
1411.0
231.0
1036.0
230.0
231.0
615.0
1026.0
230.0
231.0
609.0
230.0
2329.0
231.0
2976.0
231.0
1049.0
1037.0
1662.0
231.0
1327.0
1318.0
231.0
1314.0
231.0
1551.0
1330.0
1552.0
1309.0
2311.0
1664.0
711.0
231.0
230.0
1319.0
1401.0
1825.0
1412.0
1328.0
2313.0
1846.0
232.0
760.0
626.0
580.0
2338.0
1043.0
1411.0
1892.0
1551.0
1307.0
1552.0
2324.0
231.0
737.0
1675.0
2315.0
1551.0
1306.0
2341.0
233.0
2326.0
1546.0
3021.0
1049.0
230.0
1394.0
1409.0
714.0
1399.0
769.0
1402.0
1843.0
1827.0
1318.0
2296.0
711.0
1330.0
1553.0
587.0
1314.0
1425.0
232.0
2340.0
1849.0
2337.0
2273.0
3001.0
1038.0
2594.0
708.0
1814.0
1328.0
601.0
1313.0
1039.0
2599.0
622.0
599.0
233.0
1552.0
1309.0
1037.0
2339.0
1040.0
1409.0
1841.0
2895.0
1675.0
736.0
1048.0
2277.0
1554.0
1047.0
711.0
1313.0
738.0
1830.0
2327.0
1544.0
2344.0
230.0
3000.0
2327.0
1385.0
628.0
2324.0
1324.0
233.0
2338.0
767.0
1846.0
712.0
810.0
1319.0
1316.0
1332.0
809.0
769.0
1848.0
1551.0
1407.0
2336.0
1551.0
1892.0
608.0
1316.0
1409.0
2342.0
1891.0
710.0
1822.0
2269.0
1046.0
1309.0
2340.0
1213.0
1890.0
1670.0
1674.0
1550.0
602.0
765.0
1842.0
1315.0
737.0
1323.0
1829.0
2339.0
1424.0
2334.0
2324.0
1048.0
2337.0
1652.0
1828.0
1543.0
609.0
2211.0
603.0
1890.0
1410.0
3014.0
2331.0
3016.0
1319.0
2977.0
1042.0
1549.0
1552.0
604.0
1050.0
2337.0
1893.0
1851.0
2334.0
1676.0
1668.0
2333.0
2281.0
1319.0
2342.0
2336.0
1552.0
1677.0
1892.0
2324.0
1848.0
1889.0
1674.0
1540.0
748.0
588.0
1671.0
1675.0
3015.0
1035.0
601.0
1319.0
1320.0
1667.0
1034.0
636.0
3025.0
1051.0
609.0
1406.0
1038.0
1318.0
2331.0
1554.0
1676.0
1318.0
1552.0
1409.0
1308.0
1892.0
1673.0
1308.0
1317.0
1672.0
1676.0
2343.0
2343.0
1316.0
1112.0
1048.0
2609.0
1037.0
3011.0
1320.0
1320.0
1554.0
2599.0
2341.0
2287.0
3010.0
2333.0
1411.0
616.0
712.0
1038.0
1552.0
1035.0
1040.0
1552.0
626.0
1551.0
231.0
1553.0
1668.0
1888.0
1678.0
1554.0
231.0
620.0
626.0
2338.0
1317.0
1410.0
1849.0
1891.0
1037.0
2601.0
1045.0
1886.0
1037.0
1553.0
1034.0
608.0
1831.0
1320.0
1554.0
1318.0
2343.0
2324.0
1325.0
1543.0
1033.0
3024.0
1427.0
1553.0
1553.0
230.0
1892.0
1552.0
1319.0
3027.0
626.0
1675.0
1325.0
1043.0
1894.0
1666.0
1891.0
231.0
1552.0
2338.0
1294.0
1325.0
1551.0
629.0
1673.0
3015.0
1552.0
1319.0
3022.0
1039.0
1326.0
1306.0
1544.0
2002.0
1319.0
2590.0
1675.0
2301.0
1661.0
1316.0
613.0
1040.0
1851.0
2339.0
230.0
2338.0
2520.0
1317.0
2338.0
1049.0
629.0
1543.0
3009.0
2544.0
1552.0
1681.0
1889.0
2999.0
230.0
1318.0
1674.0
3009.0
1552.0
1666.0
626.0
599.0
3015.0
809.0
1046.0
3015.0
1547.0
1830.0
1548.0
1678.0
1554.0
1553.0
1849.0
1037.0
1409.0
1316.0
1039.0
1550.0
1849.0
1844.0
1552.0
1892.0
1411.0
629.0
231.0
1674.0
1038.0
2339.0
1320.0
1676.0
1834.0
2221.0
1551.0
231.0
2334.0
1321.0
1037.0
1830.0
1661.0
1896.0
232.0
1552.0
2313.0
1893.0
1130.0
232.0
1050.0
735.0
2340.0
1831.0
2604.0
1547.0
738.0
1669.0
1832.0
1552.0
1822.0
1534.0
1891.0
1131.0
1830.0
1671.0
2327.0
1314.0
3014.0
1832.0
609.0
2627.0
3014.0
736.0
1409.0
3003.0
1549.0
2328.0
1552.0
1846.0
1830.0
2336.0
1676.0
1047.0
1829.0
1040.0
1553.0
1550.0
1044.0
2338.0
1667.0
1825.0
1890.0
1552.0
1316.0
231.0
1048.0
1046.0
1318.0
1550.0
1827.0
626.0
1317.0
3020.0
1037.0
1549.0
1555.0
1676.0
1552.0
1820.0
1891.0
2339.0
2605.0
1893.0
1891.0
1828.0
1664.0
1134.0
3019.0
2315.0
1549.0
1553.0
1552.0
1822.0
1406.0
1403.0
1828.0
1552.0
3019.0
2321.0
1829.0
1553.0
1041.0
1036.0
1408.0
1047.0
1406.0
2605.0
736.0
1427.0
1849.0
2997.0
2331.0
1320.0
1319.0
2604.0
2600.0
1553.0
629.0
2343.0
1681.0
1408.0
1684.0
225.0
1689.0
1554.0
3011.0
628.0
1549.0
1406.0
719.0
1890.0
629.0
2330.0
3006.0
231.0
629.0
2334.0
1552.0
3007.0
2602.0
2329.0
1411.0
2341.0
1541.0
2330.0
3007.0
2342.0
1046.0
1410.0
2999.0
614.0
2562.0
1325.0
1829.0
2594.0
1037.0
1821.0
1034.0
2340.0
1549.0
1542.0
2339.0
1832.0
2324.0
625.0
2333.0
2339.0
2321.0
2339.0
2331.0
2333.0
2330.0
3004.0
1036.0
2313.0
1128.0
1883.0
1515.0
2601.0
778.0
723.0
1893.0
2338.0
1848.0
2332.0
711.0
231.0
1893.0
230.0
231.0
2331.0
2603.0
2311.0
2336.0
230.0
1542.0
1678.0
2338.0
3020.0
1319.0
1674.0
1666.0
1038.0
1314.0
1663.0
1892.0
2608.0
1047.0
2991.0
2337.0
1319.0
738.0
231.0
3024.0
3024.0
629.0
1895.0
601.0
2329.0
1890.0
1411.0
1325.0
1675.0
630.0
1675.0
1315.0
231.0
2329.0
1408.0
1828.0
1046.0
2604.0
231.0
230.0
230.0
2344.0
1033.0
1890.0
2333.0
1552.0
1673.0
231.0
1304.0
1405.0
1411.0
1319.0
2340.0
3019.0
1887.0
1319.0
443.0
1664.0
231.0
1666.0
2337.0
231.0
3023.0
1675.0
2339.0
1659.0
1674.0
231.0
1038.0
1675.0
1677.0
3018.0
231.0
1041.0
231.0
1831.0
1317.0
1040.0
2339.0
1830.0
3001.0
1894.0
732.0
1318.0
231.0
1319.0
627.0
1039.0
1891.0
1408.0
1317.0
1891.0
232.0
2967.0
1673.0
1318.0
3019.0
1424.0
1675.0
1309.0
1411.0
1892.0
1311.0
1894.0
1892.0
1892.0
2343.0
1313.0
1319.0
2338.0
1849.0
1663.0
1658.0
1664.0
806.0
1038.0
2339.0
743.0
2340.0
3027.0
1553.0
1320.0
1397.0
1542.0
231.0
1312.0
617.0
231.0
2993.0
2317.0
1892.0
1318.0
1049.0
3015.0
1404.0
1038.0
1036.0
1317.0
1676.0
1830.0
1318.0
1050.0
1038.0
1326.0
1314.0
231.0
231.0
1049.0
1048.0
231.0
1403.0
1047.0
3005.0
3009.0
2342.0
1691.0
231.0
1318.0
2341.0
1036.0
1044.0
629.0
1892.0
1893.0
1312.0
230.0
2557.0
1895.0
1828.0
1047.0
230.0
1318.0
1324.0
2334.0
1411.0
1321.0
719.0
1677.0
1317.0
2601.0
1319.0
1895.0
1049.0
1310.0
1830.0
1317.0
1832.0
1409.0
2338.0
3012.0
1325.0
773.0
1325.0
1830.0
1318.0
1313.0
619.0
1043.0
1319.0
1884.0
2334.0
1829.0
3006.0
1318.0
2973.0
619.0
2312.0
810.0
1828.0
619.0
2340.0
3027.0
1048.0
2607.0
802.0
1825.0
1041.0
1048.0
1317.0
1317.0
3023.0
1674.0
3021.0
1038.0
1831.0
1319.0
1037.0
2341.0
231.0
1326.0
1831.0
1831.0
2994.0
2329.0
1319.0
1324.0
1329.0
1544.0
1676.0
1322.0
2343.0
1888.0
1831.0
1846.0
3003.0
3020.0
2338.0
3017.0
1830.0
1892.0
3016.0
3019.0
2343.0
3019.0
2334.0
1039.0
2593.0
1411.0
1319.0
2339.0
1311.0
1427.0
3027.0
2322.0
3019.0
1541.0
1037.0
2336.0
2608.0
2334.0
1406.0
711.0
1679.0
1831.0
2339.0
627.0
1830.0
711.0
609.0
1893.0
1427.0
1306.0
2951.0
3026.0
1892.0
1038.0
1038.0
2619.0
2999.0
1679.0
1314.0
1889.0
2342.0
1318.0
2610.0
231.0
2607.0
222.0
1552.0
2343.0
1675.0
2330.0
1039.0
627.0
1692.0
1325.0
3021.0
231.0
1325.0
602.0
1038.0
3022.0
1663.0
2607.0
1049.0
2598.0
231.0
604.0
2340.0
1675.0
3017.0
3019.0
1832.0
1038.0
3003.0
231.0
3015.0
2605.0
2604.0
1674.0
1891.0
1849.0
1673.0
1553.0
1047.0
231.0
1410.0
1040.0
1675.0
1885.0
231.0
1849.0
1678.0
1674.0
3026.0
3027.0
2330.0
607.0
1847.0
1847.0
1552.0
1039.0
2607.0
3007.0
231.0
1544.0
1848.0
2610.0
3025.0
2609.0
1674.0
2598.0
1675.0
710.0
1049.0
711.0
1693.0
1676.0
713.0
1039.0
1319.0
3007.0
3017.0
1890.0
1676.0
2342.0
1130.0
3006.0
1847.0
1314.0
1330.0
1326.0
3007.0
3014.0
1412.0
1311.0
2591.0
1893.0
711.0
2610.0
2992.0
3018.0
1679.0
1675.0
2610.0
3026.0
594.0
1320.0
1890.0
1319.0
596.0
1672.0
1543.0
1890.0
2340.0
1673.0
2338.0
2950.0
1553.0
1129.0
1130.0
1676.0
1677.0
1324.0
710.0
2330.0
1319.0
1319.0
1687.0
3010.0
3025.0
2608.0
1050.0
2336.0
1554.0
232.0
231.0
711.0
3018.0
1316.0
3023.0
1554.0
1319.0
3026.0
2986.0
231.0
1539.0
2331.0
710.0
1319.0
3021.0
1409.0
2610.0
2996.0
1318.0
1129.0
3028.0
1331.0
1411.0
710.0
711.0
1036.0
2972.0
1892.0
1894.0
1036.0
1319.0
1676.0
711.0
1895.0
2591.0
3019.0
1665.0
1316.0
1046.0
1044.0
599.0
1894.0
812.0
1672.0
1656.0
1890.0
1660.0
1050.0
3023.0
1891.0
3023.0
2605.0
1319.0
711.0
1554.0
1894.0
1324.0
3001.0
1889.0
1318.0
1554.0
1411.0
1823.0
710.0
711.0
710.0
1889.0
1675.0
2342.0
2604.0
1890.0
3019.0
3026.0
2605.0
3020.0
1554.0
1038.0
2326.0
2338.0
2999.0
3007.0
1679.0
1049.0
3026.0
2609.0
710.0
1676.0
2340.0
734.0
1677.0
1317.0
1036.0
1693.0
1050.0
1332.0
1828.0
1039.0
2344.0
1893.0
2334.0
1038.0
2609.0
2607.0
1312.0
1527.0
1893.0
1037.0
1049.0
1667.0
1324.0
3016.0
1895.0
1691.0
2594.0
3025.0
3026.0
2608.0
1048.0
3009.0
3025.0
1317.0
3015.0
3006.0
1892.0
3015.0
1051.0
3010.0
233.0
3020.0
231.0
1826.0
1677.0
2342.0
2610.0
1675.0
2625.0
1048.0
1848.0
1037.0
2999.0
1895.0
1846.0
233.0
3016.0
625.0
1893.0
3026.0
1675.0
2610.0
1049.0
1890.0
1553.0
710.0
1551.0
3016.0
2606.0
1676.0
1849.0
2704.0
3025.0
1551.0
1553.0
2340.0
1050.0
1039.0
2332.0
3021.0
1038.0
1040.0
2866.0
1893.0
1895.0
1551.0
1044.0
1318.0
1893.0
3022.0
1049.0
1894.0
1411.0
1410.0
3012.0
3022.0
1546.0
2608.0
1830.0
1673.0
3005.0
2599.0
1324.0
3026.0
3015.0
609.0
1051.0
1325.0
3022.0
2607.0
1889.0
1892.0
591.0
1544.0
1895.0
2343.0
1034.0
2342.0
3027.0
1890.0
2343.0
3023.0
3022.0
1890.0
3009.0
2604.0
812.0
3026.0
3009.0
3026.0
2329.0
1886.0
1038.0
1695.0
1317.0
3015.0
1891.0
587.0
1045.0
2996.0
1890.0
590.0
3025.0
3022.0
2308.0
1911.0
1318.0
2373.0
1677.0
1551.0
3025.0
1039.0
3011.0
1323.0
2335.0
3030.0
3018.0
1318.0
2317.0
3026.0
1376.0
1037.0
231.0
1833.0
1039.0
1830.0
2332.0
761.0
1318.0
1043.0
1038.0
1893.0
1678.0
1034.0
2341.0
3018.0
1407.0
1832.0
1050.0
1549.0
812.0
1552.0
1049.0
231.0
734.0
1318.0
3028.0
1675.0
2343.0
3007.0
1890.0
1895.0
1851.0
231.0
1891.0
1894.0
1888.0
1890.0
1830.0
3015.0
1888.0
2345.0
1663.0
2344.0
1850.0
1032.0
3014.0
1673.0
1552.0
1326.0
222.0
1893.0
588.0
3028.0
1894.0
1049.0
1894.0
3021.0
1049.0
1319.0
2341.0
629.0
2341.0
3024.0
3020.0
3010.0
1895.0
2341.0
811.0
1318.0
3022.0
231.0
1834.0
1830.0
1830.0
231.0
3023.0
1328.0
1892.0
1407.0
2339.0
1314.0
3009.0
1893.0
1040.0
1038.0
1039.0
3028.0
1888.0
711.0
3024.0
231.0
231.0
2337.0
1665.0
3017.0
1892.0
1552.0
1411.0
230.0
231.0
3020.0
230.0
3024.0
1127.0
231.0
3020.0
231.0
3027.0
1036.0
1892.0
1673.0
1037.0
3028.0
1316.0
2982.0
2337.0
1048.0
1318.0
711.0
710.0
1895.0
1317.0
1316.0
231.0
231.0
626.0
1038.0
230.0
2339.0
1892.0
1890.0
1401.0
3012.0
1045.0
1039.0
1043.0
1870.0
3025.0
231.0
1311.0
3009.0
1049.0
629.0
1314.0
231.0
1325.0
1553.0
1693.0
3020.0
1315.0
2336.0
231.0
1893.0
231.0
2331.0
1312.0
231.0
1691.0
1410.0
1038.0
1425.0
3025.0
232.0
3026.0
3028.0
3014.0
2626.0
1829.0
1673.0
3023.0
1831.0
231.0
3011.0
2988.0
1833.0
1826.0
3027.0
1667.0
1675.0
1045.0
812.0
2334.0
231.0
231.0
3026.0
1322.0
1677.0
1674.0
231.0
231.0
1849.0
1410.0
231.0
231.0
1038.0
231.0
1891.0
231.0
231.0
1551.0
3013.0
1896.0
2981.0
628.0
231.0
231.0
2586.0
231.0
1890.0
1553.0
1037.0
3023.0
2339.0
1550.0
3025.0
2336.0
1849.0
1411.0
1542.0
1831.0
1427.0
1671.0
3002.0
1895.0
1427.0
1675.0
1132.0
1676.0
1691.0
2331.0
1308.0
3019.0
1677.0
1425.0
1037.0
2604.0
3019.0
1315.0
1663.0
1553.0
1401.0
1844.0
1037.0
1830.0
1421.0
1552.0
1677.0
1317.0
3019.0
1671.0
1047.0
1319.0
1409.0
3012.0
215.0
1312.0
229.0
1312.0
1553.0
231.0
1317.0
3027.0
1330.0
778.0
2321.0
712.0
1890.0
2605.0
3022.0
1894.0
1036.0
1049.0
1313.0
599.0
783.0
3016.0
1314.0
1046.0
3012.0
2335.0
3013.0
1843.0
231.0
1317.0
231.0
1551.0
1554.0
712.0
1894.0
231.0
1307.0
711.0
2343.0
624.0
1037.0
1408.0
3017.0
1314.0
2606.0
3018.0
1314.0
230.0
1666.0
1551.0
3000.0
218.0
230.0
1693.0
1029.0
1892.0
626.0
1035.0
3004.0
231.0
231.0
2598.0
1044.0
1036.0
2342.0
1411.0
1317.0
230.0
1895.0
713.0
231.0
231.0
1411.0
231.0
2993.0
231.0
2343.0
231.0
1534.0
231.0
231.0
2986.0
231.0
231.0
231.0
230.0
1892.0
231.0
231.0
1676.0
3014.0
1424.0
231.0
2334.0
2989.0
1028.0
3020.0
231.0
1551.0
2334.0
1035.0
3008.0
232.0
3015.0
1541.0
1540.0
3021.0
628.0
1890.0
1550.0
2339.0
2326.0
628.0
1893.0
731.0
628.0
1411.0
1284.0
742.0
1318.0
629.0
3029.0
3011.0
591.0
1829.0
3021.0
1552.0
3027.0
628.0
3010.0
754.0
1325.0
1317.0
1894.0
1315.0
1032.0
3027.0
1890.0
1679.0
1038.0
1536.0
2623.0
1892.0
231.0
628.0
1316.0
2996.0
2587.0
1663.0
1890.0
1133.0
1132.0
1123.0
1045.0
795.0
1311.0
231.0
1829.0
2604.0
614.0
1135.0
2625.0
1410.0
2344.0
231.0
231.0
3026.0
1408.0
231.0
443.0
628.0
628.0
2340.0
741.0
1400.0
1675.0
613.0
231.0
3024.0
627.0
1305.0
1411.0
223.0
628.0
1832.0
231.0
1385.0
627.0
231.0
1823.0
1318.0
812.0
1314.0
3015.0
1890.0
3024.0
1328.0
601.0
1810.0
1830.0
1828.0
1314.0
627.0
1319.0
1035.0
744.0
3022.0
1893.0
1318.0
1830.0
2343.0
2340.0
1312.0
231.0
231.0
3013.0
3023.0
1039.0
616.0
1039.0
231.0
231.0
231.0
1316.0
609.0
1888.0
738.0
1320.0
1033.0
231.0
2344.0
1047.0
1849.0
1319.0
603.0
1889.0
1313.0
628.0
1894.0
1892.0
233.0
2605.0
1879.0
1409.0
754.0
1893.0
1330.0
740.0
626.0
1674.0
1552.0
3007.0
3014.0
628.0
231.0
629.0
1891.0
231.0
1313.0
231.0
1676.0
1317.0
1315.0
3018.0
1050.0
1333.0
1047.0
1675.0
1049.0
1048.0
735.0
1039.0
1051.0
1552.0
3007.0
231.0
1318.0
2599.0
1319.0
602.0
1317.0
1048.0
2577.0
1312.0
602.0
1299.0
2335.0
1409.0
1319.0
1310.0
2343.0
3014.0
629.0
2605.0
711.0
1130.0
1047.0
2339.0
3011.0
232.0
2342.0
1129.0
1831.0
1675.0
2989.0
1670.0
1673.0
2338.0
1550.0
1546.0
1037.0
230.0
1661.0
1409.0
1049.0
1828.0
1310.0
1319.0
1325.0
2341.0
2336.0
1849.0
1829.0
1849.0
1040.0
769.0
231.0
1679.0
231.0
3002.0
1317.0
3009.0
3027.0
230.0
1050.0
231.0
629.0
1050.0
2342.0
1428.0
1033.0
1891.0
231.0
231.0
1318.0
721.0
754.0
231.0
231.0
231.0
231.0
595.0
2129.0
598.0
1672.0
231.0
1319.0
2340.0
629.0
1408.0
1404.0
3020.0
231.0
1830.0
1316.0
3024.0
3024.0
1050.0
1555.0
1035.0
1426.0
2340.0
1036.0
1048.0
1049.0
614.0
1892.0
1892.0
2606.0
3018.0
1332.0
1553.0
606.0
1551.0
231.0
2993.0
3026.0
1317.0
3024.0
1553.0
612.0
1831.0
1678.0
724.0
1673.0
2342.0
1677.0
231.0
1038.0
1286.0
1039.0
1424.0
2339.0
584.0
1676.0
1039.0
1413.0
1833.0
1831.0
1038.0
1398.0
1554.0
1037.0
3026.0
1317.0
2325.0
1884.0
1824.0
231.0
593.0
231.0
1846.0
231.0
1827.0
2342.0
612.0
2613.0
1037.0
711.0
1893.0
627.0
1665.0
1552.0
1317.0
1892.0
230.0
231.0
2994.0
1425.0
231.0
231.0
3026.0
231.0
3010.0
231.0
3012.0
2609.0
3023.0
3026.0
231.0
231.0
3016.0
3018.0
3026.0
721.0
1842.0
3026.0
711.0
1317.0
1894.0
628.0
231.0
1411.0
1313.0
710.0
1891.0
1049.0
2999.0
1037.0
612.0
1426.0
1832.0
1036.0
1666.0
1388.0
2605.0
1316.0
1887.0
1050.0
231.0
1038.0
1893.0
1310.0
2996.0
1409.0
231.0
629.0
231.0
1664.0
1411.0
2327.0
3021.0
1316.0
1541.0
606.0
231.0
3027.0
3028.0
231.0
611.0
3022.0
231.0
1677.0
1819.0
230.0
612.0
747.0
3004.0
618.0
1849.0
600.0
1674.0
2344.0
1674.0
611.0
2342.0
1044.0
231.0
626.0
2830.0
617.0
1309.0
1893.0
1317.0
1409.0
1317.0
1322.0
1403.0
1673.0
1411.0
1046.0
1672.0
3029.0
1682.0
1318.0
3008.0
2336.0
1409.0
1039.0
3009.0
1676.0
1319.0
1410.0
3017.0
1676.0
1849.0
1849.0
1669.0
1050.0
1039.0
3026.0
1848.0
617.0
1663.0
1891.0
1660.0
231.0
223.0
3007.0
1317.0
1427.0
2344.0
610.0
1317.0
231.0
629.0
1826.0
3015.0
2999.0
3003.0
1895.0
1889.0
626.0
616.0
2324.0
231.0
1411.0
1427.0
2608.0
2340.0
1830.0
574.0
1316.0
1412.0
1542.0
1847.0
231.0
3019.0
3022.0
1538.0
1658.0
626.0
1831.0
1814.0
225.0
614.0
3000.0
1662.0
1891.0
1892.0
1673.0
1891.0
1672.0
1827.0
1551.0
1049.0
1830.0
1552.0
1408.0
2622.0
1550.0
1822.0
1831.0
1820.0
3026.0
2605.0
1892.0
2609.0
231.0
1411.0
1831.0
599.0
2605.0
231.0
231.0
231.0
2344.0
1830.0
1831.0
1048.0
1318.0
231.0
1829.0
231.0
3021.0
230.0
599.0
599.0
1317.0
599.0
1666.0
231.0
231.0
231.0
231.0
2346.0
231.0
1891.0
3010.0
1319.0
3020.0
1674.0
231.0
2344.0
231.0
1316.0
1410.0
3027.0
1405.0
231.0
2945.0
1677.0
1833.0
1847.0
231.0
1846.0
1041.0
1892.0
1822.0
1408.0
1830.0
1038.0
1830.0
628.0
3026.0
1894.0
601.0
1825.0
1672.0
1410.0
2334.0
1676.0
1892.0
224.0
1036.0
1047.0
1847.0
1038.0
628.0
1180.0
2984.0
1664.0
629.0
1829.0
1307.0
1548.0
1036.0
628.0
3020.0
1671.0
1310.0
2849.0
1412.0
1832.0
1313.0
721.0
629.0
1831.0
1543.0
3017.0
1313.0
2612.0
629.0
1132.0
1313.0
2600.0
629.0
2601.0
1828.0
2604.0
1894.0
1550.0
612.0
1827.0
1893.0
1676.0
3023.0
2596.0
2606.0
2608.0
1048.0
2977.0
1041.0
226.0
1849.0
1317.0
1410.0
1676.0
226.0
2997.0
629.0
811.0
232.0
1843.0
1553.0
3023.0
1038.0
231.0
1319.0
1680.0
230.0
3028.0
2340.0
2604.0
611.0
2991.0
1893.0
2602.0
1831.0
1676.0
1037.0
2606.0
1848.0
1893.0
2333.0
3002.0
1675.0
1845.0
2334.0
1044.0
2596.0
3021.0
1314.0
3028.0
3021.0
2604.0
1674.0
1307.0
1319.0
2602.0
3023.0
1675.0
1051.0
3022.0
1684.0
1317.0
1674.0
3023.0
1550.0
2608.0
3027.0
1851.0
3021.0
1428.0
2608.0
2600.0
1316.0
2607.0
1049.0
721.0
2608.0
2965.0
3019.0
2606.0
1834.0
1547.0
3027.0
3021.0
2319.0
1832.0
3015.0
3016.0
1551.0
1671.0
1412.0
1036.0
3016.0
1317.0
1553.0
2601.0
3025.0
1046.0
1320.0
2964.0
1326.0
2598.0
1674.0
629.0
231.0
3026.0
2608.0
2596.0
2342.0
3021.0
230.0
3015.0
619.0
230.0
1675.0
231.0
1671.0
3005.0
1547.0
231.0
1909.0
629.0
3006.0
1043.0
1891.0
1553.0
1050.0
1037.0
3022.0
3024.0
3021.0
1037.0
1891.0
627.0
3021.0
1130.0
1830.0
1037.0
1049.0
1830.0
1890.0
1426.0
1827.0
3026.0
734.0
3024.0
1424.0
231.0
1050.0
231.0
1677.0
733.0
1426.0
3020.0
3025.0
1890.0
1830.0
1849.0
1427.0
3016.0
1881.0
1429.0
1039.0
1426.0
232.0
1894.0
231.0
626.0
3025.0
1909.0
628.0
3022.0
1893.0
231.0
1831.0
3026.0
1891.0
3011.0
2586.0
3008.0
2607.0
1319.0
1686.0
1891.0
3026.0
627.0
231.0
3027.0
1891.0
231.0
3023.0
3025.0
3019.0
1037.0
3023.0
1037.0
1894.0
1892.0
626.0
1833.0
3025.0
1892.0
232.0
1541.0
2608.0
3027.0
2329.0
1890.0
1410.0
1892.0
2606.0
594.0
3025.0
1894.0
231.0
1329.0
3002.0
1038.0
2605.0
1877.0
3029.0
1849.0
1693.0
628.0
3025.0
1677.0
1849.0
1036.0
810.0
1895.0
1675.0
1849.0
1676.0
2607.0
1846.0
230.0
1664.0
3020.0
1330.0
3015.0
1847.0
1051.0
1677.0
2608.0
231.0
626.0
1896.0
1675.0
231.0
231.0
231.0
231.0
1666.0
1892.0
1895.0
231.0
1319.0
1690.0
1048.0
1847.0
1895.0
1048.0
1847.0
3022.0
1675.0
1314.0
2611.0
626.0
3021.0
1678.0
231.0
3018.0
3012.0
1895.0
714.0
1310.0
231.0
2340.0
1669.0
3014.0
1847.0
747.0
1691.0
1677.0
1410.0
230.0
1676.0
3026.0
2319.0
3027.0
1047.0
231.0
3026.0
3024.0
3025.0
1545.0
1891.0
1690.0
2336.0
1833.0
2607.0
3027.0
1677.0
1896.0
2340.0
636.0
757.0
1323.0
1895.0
230.0
231.0
742.0
636.0
2334.0
3027.0
231.0
1310.0
3027.0
3026.0
621.0
2330.0
1317.0
1839.0
1892.0
2623.0
231.0
3009.0
1672.0
3028.0
717.0
231.0
628.0
1895.0
3012.0
2607.0
1894.0
1332.0
1040.0
3029.0
1830.0
1849.0
3026.0
1409.0
1891.0
3023.0
1828.0
3018.0
1039.0
3027.0
1318.0
1671.0
232.0
1850.0
2606.0
1891.0
231.0
1849.0
3025.0
1039.0
1690.0
3027.0
1892.0
1832.0
3022.0
619.0
1664.0
1675.0
1823.0
1893.0
3018.0
2605.0
3015.0
3021.0
2605.0
3009.0
1664.0
1690.0
231.0
625.0
1673.0
230.0
1834.0
1824.0
2337.0
2611.0
1845.0
1890.0
1846.0
1847.0
1827.0
1894.0
2340.0
3013.0
1681.0
1829.0
3026.0
231.0
1840.0
1893.0
1890.0
1319.0
1891.0
1417.0
2342.0
3025.0
2610.0
1847.0
3026.0
1893.0
618.0
1815.0
1846.0
3021.0
1408.0
3025.0
1039.0
1847.0
629.0
1666.0
628.0
1692.0
2996.0
1317.0
1847.0
1314.0
1310.0
1848.0
2998.0
1830.0
753.0
231.0
1411.0
1551.0
1325.0
1829.0
1317.0
3002.0
1315.0
2335.0
1405.0
1408.0
628.0
1327.0
1894.0
233.0
3005.0
1410.0
1674.0
710.0
615.0
1411.0
1311.0
230.0
1413.0
1847.0
1319.0
1690.0
3025.0
1546.0
1892.0
1312.0
1315.0
3024.0
1406.0
712.0
3016.0
1891.0
1411.0
626.0
230.0
1047.0
615.0
231.0
1411.0
3014.0
1412.0
585.0
1037.0
1831.0
1830.0
1408.0
1427.0
1535.0
1543.0
1890.0
222.0
1410.0
1895.0
230.0
230.0
1411.0
1410.0
231.0
231.0
1409.0
231.0
230.0
231.0
2605.0
626.0
1400.0
3016.0
1674.0
223.0
1038.0
1426.0
1665.0
1409.0
230.0
805.0
1891.0
217.0
601.0
1893.0
2340.0
2625.0
603.0
1894.0
1882.0
602.0
601.0
1891.0
1892.0
2624.0
1550.0
811.0
614.0
3024.0
600.0
3026.0
1409.0
231.0
1822.0
1890.0
1662.0
758.0
1411.0
1771.0
1676.0
2988.0
231.0
1849.0
1891.0
1849.0
629.0
3001.0
1891.0
1304.0
756.0
1410.0
1409.0
3025.0
1891.0
1677.0
1320.0
1679.0
1037.0
1674.0
1666.0
1410.0
1846.0
636.0
1679.0
1428.0
2607.0
708.0
231.0
1319.0
231.0
1893.0
1679.0
2343.0
766.0
1426.0
1408.0
788.0
2606.0
1676.0
230.0
231.0
3027.0
2608.0
231.0
1890.0
1129.0
713.0
2340.0
230.0
1678.0
1425.0
648.0
2612.0
713.0
1881.0
1895.0
1674.0
2340.0
1426.0
628.0
1410.0
3013.0
231.0
1889.0
3002.0
230.0
3018.0
1827.0
1678.0
1676.0
1038.0
1675.0
636.0
1849.0
3025.0
2335.0
3024.0
1672.0
1850.0
2340.0
1037.0
1036.0
636.0
1044.0
3025.0
1892.0
2342.0
230.0
1676.0
231.0
1849.0
1887.0
1677.0
1672.0
231.0
1892.0
1410.0
1675.0
1844.0
762.0
1130.0
2623.0
3021.0
233.0
2342.0
2609.0
1329.0
1831.0
1691.0
3028.0
1037.0
1047.0
1672.0
1034.0
2302.0
1427.0
233.0
1676.0
2997.0
1832.0
1036.0
3027.0
1677.0
803.0
2341.0
1332.0
2609.0
1832.0
1408.0
2609.0
1311.0
720.0
1888.0
1894.0
1894.0
2610.0
1553.0
1552.0
1412.0
1038.0
1893.0
1677.0
1327.0
2997.0
1846.0
1847.0
3020.0
3004.0
1673.0
1311.0
1657.0
1553.0
1677.0
226.0
230.0
1554.0
1891.0
231.0
1848.0
627.0
1550.0
1894.0
3015.0
1330.0
3009.0
1554.0
1036.0
1830.0
3022.0
1315.0
1890.0
2602.0
1910.0
1314.0
231.0
1329.0
3012.0
1038.0
1410.0
1672.0
2607.0
1538.0
1410.0
1893.0
636.0
1691.0
1327.0
636.0
1825.0
1891.0
1673.0
1847.0
2341.0
3019.0
1050.0
1832.0
3022.0
3018.0
1831.0
3027.0
2610.0
1042.0
1831.0
1676.0
1665.0
231.0
1039.0
759.0
1664.0
1552.0
1553.0
1674.0
230.0
1849.0
231.0
1691.0
2342.0
2599.0
1651.0
728.0
3020.0
3026.0
1674.0
713.0
1295.0
1551.0
1312.0
1315.0
3001.0
1829.0
1891.0
3016.0
231.0
231.0
1678.0
1674.0
1691.0
1547.0
1691.0
1050.0
3027.0
3028.0
1553.0
3009.0
3026.0
1893.0
231.0
1676.0
1039.0
3013.0
1674.0
1553.0
1046.0
2338.0
230.0
1037.0
1891.0
3027.0
1892.0
1675.0
1849.0
1893.0
1692.0
3029.0
1672.0
1037.0
730.0
3017.0
1892.0
1819.0
1677.0
1300.0
224.0
1038.0
3022.0
3000.0
1891.0
1891.0
1889.0
3024.0
1319.0
1888.0
1675.0
1316.0
231.0
2342.0
231.0
230.0
1041.0
1038.0
1894.0
3025.0
2608.0
1050.0
626.0
1314.0
1891.0
1038.0
2332.0
1319.0
1313.0
1892.0
3028.0
3008.0
1314.0
1037.0
1675.0
723.0
2624.0
3029.0
3013.0
229.0
1315.0
1314.0
1050.0
1693.0
232.0
3025.0
2330.0
1693.0
1551.0
1827.0
3011.0
3025.0
3024.0
1329.0
2610.0
3029.0
1845.0
1037.0
1837.0
1408.0
231.0
710.0
3004.0
2344.0
1666.0
1690.0
3023.0
3024.0
2340.0
233.0
225.0
3025.0
744.0
1829.0
1673.0
3005.0
1407.0
3016.0
1825.0
3029.0
628.0
1892.0
231.0
3029.0
2606.0
3029.0
1318.0
3022.0
738.0
2333.0
1032.0
1427.0
635.0
1398.0
3026.0
1307.0
1427.0
3006.0
1046.0
1040.0
2339.0
3028.0
231.0
231.0
233.0
233.0
231.0
3015.0
1691.0
231.0
3029.0
1893.0
231.0
231.0
1893.0
3021.0
3025.0
3022.0
3025.0
3025.0
737.0
231.0
1691.0
3030.0
1693.0
1850.0
1830.0
1410.0
1892.0
231.0
1832.0
1319.0
1820.0
1036.0
1693.0
1820.0
3020.0
231.0
1848.0
1850.0
3027.0
3022.0
1893.0
1892.0
3015.0
3028.0
2336.0
3023.0
3029.0
1678.0
3029.0
3029.0
1831.0
1691.0
1328.0
599.0
3028.0
1033.0
1050.0
3019.0
2339.0
2342.0
1411.0
738.0
2340.0
1676.0
1425.0
3022.0
1893.0
3026.0
1892.0
1048.0
1828.0
3023.0
1891.0
1426.0
1035.0
1893.0
3025.0
1848.0
1653.0
1908.0
1889.0
3018.0
3023.0
1895.0
1822.0
3026.0
1553.0
1892.0
1411.0
1551.0
1894.0
1661.0
1412.0
3001.0
3026.0
1850.0
1553.0
222.0
1893.0
1676.0
1306.0
1667.0
1891.0
796.0
3023.0
1891.0
711.0
1327.0
1893.0
1895.0
233.0
1893.0
1545.0
1296.0
1892.0
1819.0
1829.0
1692.0
3028.0
1673.0
1330.0
1318.0
1323.0
230.0
2334.0
1296.0
3029.0
1847.0
1316.0
1555.0
3009.0
1894.0
1678.0
1314.0
3020.0
711.0
1314.0
3025.0
3024.0
2607.0
223.0
1892.0
1316.0
1894.0
1546.0
711.0
1894.0
614.0
3026.0
751.0
3015.0
1830.0
3025.0
1552.0
3018.0
3026.0
3027.0
3019.0
1319.0
3003.0
2608.0
1544.0
1820.0
1050.0
1038.0
1676.0
1893.0
710.0
3029.0
1037.0
1314.0
1313.0
711.0
3020.0
1847.0
1849.0
3004.0
1043.0
2994.0
3010.0
1553.0
1674.0
1037.0
3029.0
1051.0
2339.0
1847.0
1845.0
3028.0
1551.0
1846.0
1676.0
3003.0
3020.0
1553.0
1893.0
1891.0
1325.0
1892.0
1043.0
3029.0
1893.0
3007.0
1848.0
1832.0
1549.0
3020.0
1050.0
1910.0
1408.0
1033.0
231.0
1550.0
1314.0
1550.0
725.0
3023.0
1413.0
3028.0
1412.0
3025.0
1827.0
1890.0
1825.0
1828.0
1555.0
2336.0
1412.0
1894.0
809.0
1046.0
2610.0
1663.0
1888.0
2339.0
1839.0
1826.0
3028.0
1315.0
230.0
1409.0
3024.0
2335.0
1892.0
3024.0
1691.0
1412.0
3028.0
3025.0
1315.0
1830.0
3001.0
3024.0
3027.0
1663.0
1828.0
1413.0
1827.0
3022.0
1676.0
1533.0
231.0
1411.0
1324.0
1408.0
2608.0
3027.0
1409.0
231.0
1890.0
1552.0
3027.0
3006.0
1408.0
1833.0
2608.0
1892.0
3027.0
2341.0
1410.0
1047.0
1893.0
1046.0
1830.0
1890.0
1411.0
626.0
1329.0
1408.0
742.0
3001.0
231.0
1672.0
708.0
1554.0
1833.0
1675.0
1890.0
1828.0
3029.0
1409.0
3012.0
2594.0
3026.0
1674.0
1672.0
1314.0
3029.0
1848.0
1895.0
1413.0
1408.0
1831.0
609.0
2594.0
3017.0
224.0
1319.0
1428.0
1397.0
1675.0
2624.0
2340.0
3025.0
1889.0
3023.0
1691.0
1037.0
1326.0
1830.0
1039.0
3023.0
1892.0
1695.0
3022.0
1427.0
1050.0
1049.0
3024.0
1831.0
1542.0
233.0
1893.0
3028.0
3020.0
1409.0
1678.0
2624.0
2996.0
1891.0
2608.0
1049.0
1412.0
1050.0
1324.0
1049.0
712.0
1553.0
1047.0
3014.0
231.0
3027.0
1333.0
1553.0
3028.0
1893.0
1892.0
3025.0
1314.0
3029.0
1411.0
1891.0
3028.0
727.0
610.0
1675.0
3029.0
1674.0
230.0
1832.0
1049.0
1818.0
3018.0
1692.0
1849.0
3017.0
1675.0
1318.0
1040.0
1847.0
3026.0
3025.0
2625.0
1550.0
3026.0
1895.0
3023.0
1656.0
3019.0
1850.0
1846.0
1537.0
1666.0
1692.0
1129.0
232.0
1909.0
1672.0
1316.0
2341.0
1826.0
3027.0
1552.0
625.0
1833.0
2583.0
2606.0
1328.0
3027.0
3010.0
1891.0
1893.0
1035.0
1049.0
1552.0
3007.0
1691.0
1695.0
231.0
3011.0
2604.0
3030.0
1541.0
1675.0
2608.0
1550.0
3028.0
1894.0
1678.0
3014.0
1819.0
1693.0
2593.0
599.0
1831.0
1848.0
3026.0
2608.0
1847.0
1839.0
3025.0
1411.0
2608.0
3025.0
1412.0
2628.0
1893.0
1550.0
616.0
1827.0
2608.0
1544.0
1552.0
1890.0
3026.0
1675.0
1695.0
1553.0
1846.0
1554.0
629.0
1673.0
1674.0
3027.0
1891.0
1553.0
1693.0
1409.0
3029.0
3006.0
3029.0
1692.0
3030.0
1892.0
1313.0
3027.0
1411.0
3024.0
2596.0
3031.0
1551.0
1693.0
1890.0
224.0
230.0
1320.0
231.0
3019.0
2754.0
1047.0
1329.0
2609.0
1676.0
3026.0
3028.0
1675.0
1831.0
3011.0
721.0
1328.0
231.0
3019.0
3029.0
1048.0
1891.0
2338.0
2603.0
1412.0
1551.0
1549.0
231.0
1319.0
1893.0
1890.0
1550.0
1544.0
2342.0
231.0
3020.0
1553.0
3007.0
2606.0
3013.0
1045.0
3031.0
3019.0
3019.0
3030.0
1325.0
231.0
1314.0
1552.0
3031.0
3021.0
1315.0
1552.0
3028.0
1893.0
1890.0
231.0
636.0
1690.0
1039.0
1551.0
1553.0
3027.0
1314.0
1891.0
1046.0
734.0
2610.0
1894.0
1670.0
1410.0
1412.0
3015.0
1542.0
3026.0
1693.0
3016.0
2601.0
596.0
232.0
1892.0
3004.0
1039.0
3006.0
3022.0
2343.0
1553.0
3021.0
1551.0
231.0
3023.0
1551.0
2489.0
1677.0
3027.0
3026.0
1032.0
1848.0
2995.0
3025.0
2606.0
2346.0
808.0
1673.0
3027.0
3007.0
2342.0
1693.0
1691.0
726.0
1543.0
2335.0
1674.0
2336.0
1676.0
231.0
3027.0
2592.0
3020.0
1324.0
2619.0
1544.0
1412.0
3020.0
629.0
1542.0
1678.0
1658.0
230.0
1892.0
2343.0
1693.0
1693.0
1828.0
3008.0
2608.0
1691.0
3029.0
1673.0
2340.0
602.0
1892.0
1892.0
1893.0
1328.0
1891.0
1412.0
2343.0
1543.0
2342.0
2342.0
1331.0
1891.0
2606.0
3010.0
1049.0
748.0
1315.0
1658.0
3025.0
2999.0
1895.0
599.0
1544.0
1553.0
3025.0
1311.0
1049.0
1819.0
1320.0
1848.0
3027.0
1671.0
3029.0
1893.0
1893.0
3027.0
2995.0
1552.0
1050.0
1551.0
1548.0
3024.0
1039.0
1690.0
1049.0
1316.0
596.0
1131.0
1312.0
1412.0
231.0
1889.0
3026.0
2605.0
1690.0
1317.0
1851.0
1691.0
1312.0
1891.0
3029.0
231.0
3023.0
593.0
1894.0
1667.0
715.0
3025.0
1813.0
1312.0
1050.0
2602.0
1673.0
1426.0
1053.0
1673.0
596.0
3029.0
1676.0
231.0
2609.0
3026.0
1676.0
1034.0
2607.0
1426.0
613.0
1317.0
1692.0
3008.0
1849.0
1692.0
1317.0
1676.0
1892.0
1828.0
1037.0
1315.0
1316.0
1911.0
1831.0
1552.0
2588.0
1315.0
2341.0
2611.0
3016.0
1891.0
755.0
1892.0
1833.0
1047.0
231.0
1893.0
1892.0
1039.0
2608.0
812.0
1039.0
2344.0
3030.0
597.0
3028.0
1892.0
1309.0
2610.0
3027.0
1667.0
1897.0
626.0
3024.0
1308.0
3007.0
1410.0
1041.0
811.0
3028.0
741.0
3022.0
1413.0
2341.0
2606.0
1315.0
1425.0
1690.0
1842.0
1317.0
1327.0
1314.0
2332.0
2604.0
1886.0
1315.0
3016.0
1317.0
3016.0
1309.0
2987.0
1317.0
1545.0
2897.0
1553.0
2608.0
2340.0
1426.0
1672.0
1850.0
788.0
2606.0
2615.0
1320.0
231.0
1409.0
1551.0
2343.0
1317.0
714.0
2610.0
1664.0
791.0
2608.0
1048.0
2336.0
1048.0
2606.0
1045.0
3017.0
2551.0
1049.0
1545.0
1408.0
3028.0
2945.0
3003.0
771.0
1311.0
1684.0
759.0
1670.0
1689.0
1551.0
3025.0
2343.0
2332.0
1665.0
1324.0
3007.0
1650.0
1893.0
1892.0
1046.0
1041.0
2342.0
1545.0
1690.0
3030.0
2341.0
1050.0
1664.0
2606.0
1894.0
612.0
1318.0
3021.0
3019.0
1320.0
774.0
3017.0
1039.0
1319.0
625.0
3025.0
798.0
1315.0
1678.0
1846.0
1544.0
3025.0
3030.0
1047.0
230.0
1831.0
1319.0
1677.0
3026.0
1831.0
713.0
1038.0
3030.0
1554.0
1048.0
1886.0
1678.0
795.0
229.0
1329.0
1049.0
3013.0
1320.0
1670.0
3017.0
1692.0
3029.0
1038.0
1684.0
1318.0
1044.0
3017.0
1038.0
1046.0
1912.0
618.0
1693.0
3030.0
1658.0
3028.0
1691.0
2986.0
772.0
1674.0
1427.0
1663.0
1893.0
1667.0
1315.0
1321.0
1314.0
1553.0
1881.0
230.0
1408.0
3026.0
3023.0
1691.0
231.0
1320.0
1048.0
1674.0
2607.0
1426.0
1553.0
743.0
3029.0
1674.0
1426.0
1317.0
1675.0
753.0
1319.0
717.0
3029.0
1048.0
1891.0
3007.0
2338.0
2598.0
1668.0
3018.0
3026.0
1428.0
1895.0
1888.0
1280.0
1412.0
1548.0
636.0
1692.0
3012.0
2966.0
1408.0
3022.0
1889.0
1426.0
1317.0
1313.0
1895.0
1552.0
1317.0
1678.0
763.0
1317.0
3026.0
1035.0
1672.0
3013.0
1667.0
1829.0
1893.0
629.0
1847.0
3013.0
221.0
2611.0
1317.0
2337.0
1831.0
1315.0
3026.0
3026.0
1328.0
1319.0
798.0
3016.0
1891.0
1690.0
1400.0
2596.0
3030.0
1692.0
3023.0
1831.0
1426.0
1048.0
3011.0
1428.0
1893.0
2625.0
1319.0
3029.0
625.0
231.0
1427.0
1320.0
3025.0
1892.0
1692.0
2339.0
3022.0
3029.0
2597.0
226.0
2340.0
1038.0
1410.0
1895.0
1046.0
3031.0
3028.0
1045.0
3031.0
1694.0
741.0
1313.0
1543.0
1849.0
595.0
3029.0
1830.0
1893.0
1407.0
3027.0
629.0
760.0
804.0
1660.0
629.0
1871.0
629.0
1888.0
1049.0
721.0
1553.0
1329.0
1692.0
1318.0
1683.0
1411.0
1038.0
1319.0
1893.0
2605.0
1827.0
3028.0
3026.0
3030.0
3022.0
3025.0
3029.0
2605.0
1891.0
1891.0
1691.0
710.0
1049.0
1670.0
1893.0
1325.0
1049.0
1850.0
3019.0
1676.0
2344.0
1676.0
1049.0
3006.0
2338.0
625.0
1892.0
711.0
745.0
1311.0
1408.0
2986.0
628.0
2608.0
1540.0
1037.0
3015.0
612.0
626.0
3023.0
3025.0
1405.0
3028.0
1675.0
811.0
626.0
2609.0
3027.0
3011.0
1025.0
1669.0
1315.0
628.0
3029.0
1552.0
1672.0
1892.0
599.0
3029.0
2986.0
607.0
3015.0
1050.0
1411.0
1674.0
1048.0
1410.0
1405.0
2346.0
1882.0
3029.0
3029.0
1048.0
1849.0
1546.0
761.0
1693.0
811.0
1689.0
1893.0
1316.0
1124.0
1409.0
1547.0
3029.0
1270.0
1412.0
1049.0
1676.0
1428.0
1692.0
1543.0
1048.0
1411.0
1890.0
1544.0
3025.0
231.0
2608.0
3029.0
1047.0
1894.0
3030.0
1315.0
3025.0
1661.0
1671.0
3019.0
1536.0
811.0
2604.0
2996.0
1545.0
1893.0
3017.0
1427.0
2343.0
1541.0
1820.0
616.0
1328.0
1048.0
2339.0
231.0
231.0
616.0
1658.0
2338.0
1553.0
1426.0
808.0
1892.0
231.0
1552.0
3025.0
3023.0
1040.0
231.0
231.0
3004.0
3026.0
1891.0
2331.0
232.0
3010.0
1410.0
3010.0
231.0
3022.0
231.0
2604.0
3029.0
1038.0
1890.0
2607.0
1691.0
3001.0
1319.0
626.0
3024.0
1428.0
1674.0
1690.0
2992.0
1693.0
1050.0
1311.0
711.0
1679.0
3025.0
3021.0
1828.0
1554.0
231.0
3027.0
1553.0
1553.0
3010.0
1913.0
1429.0
714.0
3022.0
590.0
3014.0
231.0
1692.0
